DP_alt.normal	DP_alt.vaf5
0	95
326	326
393	393
114	114
0	94
13	13
559	559
133	133
25	25
2038	2038
1530	1530
1851	1851
227	227
313	313
316	316
320	320
62	62
37	37
1266	1266
189	189
1309	1309
1188	1188
1361	1361
40	40
0	50
909	909
499	499
0	41
37	37
343	343
2006	2006
1177	1177
369	369
15	15
436	436
11	11
344	344
21	21
527	527
351	351
14	14
12	12
246	246
278	278
397	397
2810	2810
724	724
625	625
1099	1099
355	355
10	10
11	11
281	281
35	35
15	15
16	16
15	15
21	21
27	27
0	87
344	344
1191	1191
628	628
9	9
651	651
0	80
954	954
258	258
930	930
964	964
1914	1914
11	11
21	21
18	18
948	948
2367	2367
9	9
14	14
1217	1217
18	18
53	53
26	26
1195	1195
10	10
20	20
36	36
16	16
35	35
18	18
11	11
325	325
10	10
817	817
38	38
582	582
500	500
2194	2194
838	838
405	405
133	133
10	10
484	484
440	440
179	179
1116	1116
10	10
1	76
626	626
10	10
59	59
83	83
1113	1113
946	946
183	183
714	714
1044	1044
1399	1399
1035	1035
894	894
106	106
43	43
1322	1322
21	21
24	24
51	51
1796	1796
498	498
381	381
501	501
811	811
25	25
10	10
79	79
11	11
77	77
30	30
701	701
9	9
435	435
453	453
300	300
822	822
721	721
1459	1459
712	712
664	664
1029	1029
0	35
10	10
278	278
302	302
490	490
646	646
10	10
1157	1157
758	758
13	13
1962	1962
1509	1509
1746	1746
9	9
987	987
9	9
974	974
881	881
850	850
1006	1006
1432	1432
1520	1520
14	14
10	10
722	722
9	9
618	618
13	13
50	50
875	875
137	137
597	597
913	913
12	12
453	453
590	590
9	9
249	249
384	384
1327	1327
566	566
696	696
598	598
797	797
13	13
17	17
1978	1978
718	718
381	381
457	457
1304	1304
12	12
50	50
31	31
438	438
48	48
30	30
18	18
1017	1017
1641	1641
1011	1011
26	26
11	11
764	764
608	608
710	710
10	10
12	12
1186	1186
11	11
468	468
21	21
11	11
931	931
1891	1891
569	569
1564	1564
412	412
17	17
1153	1153
513	513
286	286
1220	1220
10	10
1778	1778
0	45
777	777
1250	1250
656	656
12	12
49	49
25	25
51	51
15	15
16	16
103	103
546	546
1565	1565
691	691
28	28
32	32
627	627
17	17
59	59
15	15
784	784
285	285
259	259
199	199
2769	2769
163	163
163	163
189	189
2379	2379
40	40
586	586
14	14
27	27
273	273
448	448
161	161
1660	1660
966	966
43	43
12	12
9	9
12	12
22	22
871	871
1810	1810
703	703
1475	1475
1216	1216
1442	1442
305	305
380	380
1117	1117
10	10
251	251
476	476
1112	1112
875	875
1368	1368
505	505
828	828
526	526
1249	1249
15	15
25	25
25	25
14	14
1821	1821
380	380
1976	1976
20	20
11	11
2004	2004
439	439
998	998
12	12
783	783
1321	1321
1663	1663
736	736
19	19
16	16
1880	1880
1767	1767
1611	1611
694	694
9	9
9	9
255	255
284	284
29	29
63	63
1449	1449
663	663
91	91
759	759
673	673
873	873
1226	1226
2480	2480
2708	2708
3007	3007
1935	1935
354	354
1768	1768
2380	2380
1034	1034
918	918
787	787
684	684
776	776
526	526
11	11
135	135
229	229
1232	1232
1825	1825
522	522
580	580
569	569
94	94
77	77
28	28
115	115
340	340
867	867
32	32
13	13
644	644
1012	1012
1091	1091
679	679
13	13
46	46
24	24
18	18
1362	1362
1058	1058
33	33
9	9
1023	1023
918	918
739	739
11	11
342	342
45	45
55	55
16	16
1087	1087
67	67
31	31
14	14
17	17
23	23
2238	2238
2189	2189
2142	2142
19	19
12	12
1024	1024
9	9
1337	1337
2644	2644
294	294
1187	1187
327	327
125	125
220	220
15	15
446	446
19	19
1878	1878
1929	1929
2017	2017
1782	1782
2162	2162
2016	2016
4151	4151
2083	2083
2834	2834
762	762
24	24
2482	2482
10390	10390
3001	3001
1971	1971
2191	2191
4816	4816
4191	4191
4190	4190
2147	2147
4850	4850
2922	2922
1196	1196
2078	2078
63	63
32	32
4160	4160
1996	1996
4882	4882
1032	1032
75	75
541	541
1042	1042
1734	1734
1221	1221
1252	1252
2048	2048
5704	5704
532	532
392	392
2291	2291
2364	2364
2100	2100
105	105
2486	2486
288	288
1733	1733
1574	1574
2320	2320
2084	2084
2210	2210
2086	2086
2018	2018
4683	4683
4903	4903
2482	2482
3924	3924
1970	1970
4339	4339
2244	2244
4617	4617
4166	4166
1840	1840
1934	1934
22	22
4062	4062
16	16
675	675
14	14
12	12
853	853
508	508
1145	1145
516	516
856	856
749	749
35	35
79	79
337	337
1317	1317
10	10
27	27
10	10
504	504
1096	1096
28	28
77	77
107	107
16	16
87	87
24	24
10	10
11	11
2587	2587
47	47
13	13
868	868
1615	1615
573	573
1393	1393
1049	1049
16	16
431	431
368	368
420	420
642	642
425	425
221	221
259	259
471	471
14	14
740	740
381	381
919	919
1052	1052
1354	1354
1127	1127
341	341
1535	1535
1819	1819
18	18
1334	1334
12	12
944	944
13	13
119	119
428	428
798	798
772	772
142	142
148	148
1021	1021
74	74
422	422
478	478
9	9
14	14
853	853
1032	1032
84	84
26	26
46	46
16	16
1183	1183
35	35
49	49
624	624
783	783
12	12
658	658
1007	1007
11	11
28	28
23	23
10	10
10	10
13	13
828	828
813	813
1420	1420
14	14
1654	1654
946	946
77	77
12	12
12	12
11	11
153	153
10	10
13	13
17	17
559	559
47	47
533	533
486	486
933	933
1122	1122
1329	1329
240	240
23	23
380	380
685	685
11	11
1118	1118
575	575
345	345
393	393
492	492
488	488
258	258
303	303
409	409
930	930
708	708
391	391
1238	1238
654	654
594	594
1147	1147
610	610
273	273
864	864
1315	1315
1727	1727
1319	1319
2375	2375
1794	1794
39	39
34	34
1490	1490
1773	1773
1517	1517
2520	2520
1988	1988
697	697
10	10
9	9
11	11
2404	2404
2241	2241
14	14
937	937
597	597
243	243
543	543
113	113
952	952
898	898
773	773
537	537
383	383
721	721
770	770
737	737
283	283
482	482
614	614
810	810
556	556
1043	1043
26	26
30	30
845	845
2076	2076
1450	1450
1324	1324
1099	1099
427	427
425	425
906	906
691	691
1185	1185
1040	1040
896	896
496	496
10	10
626	626
1607	1607
805	805
1527	1527
1322	1322
712	712
140	140
602	602
427	427
890	890
919	919
456	456
403	403
343	343
423	423
434	434
1675	1675
1686	1686
579	579
789	789
928	928
495	495
201	201
2241	2241
548	548
1721	1721
422	422
12	12
1516	1516
38	38
10	10
729	729
1072	1072
9	9
1089	1089
1288	1288
1109	1109
28	28
555	555
10	10
470	470
80	80
366	366
408	408
418	418
53	53
46	46
26	26
109	109
45	45
37	37
10	10
12	12
16	16
16	16
451	451
9	9
183	183
163	163
757	757
843	843
763	763
3546	3546
2199	2199
767	767
753	753
777	777
1009	1009
777	777
783	783
2797	2797
1517	1517
1276	1276
1064	1064
708	708
665	665
15	15
396	396
392	392
816	816
122	122
548	548
15	15
12	12
835	835
1212	1212
13	13
815	815
1062	1062
9	9
9	9
31	31
17	17
9	9
514	514
462	462
1954	1954
1432	1432
1273	1273
1075	1075
1988	1988
1168	1168
1513	1513
9	9
15	15
17	17
13	13
1324	1324
1536	1536
944	944
38	38
31	31
10	10
1580	1580
19	19
1585	1620
0	83
443	443
2076	2076
1283	1283
9	9
22	22
12	12
10	10
22	22
1547	1547
2725	2725
2187	2187
17	17
810	810
835	835
17	17
1106	1106
11	11
1393	1393
1578	1578
695	695
434	434
13	13
267	267
12	12
41	41
12	12
785	785
1089	1089
790	790
279	279
2626	2626
9	9
933	933
1507	1507
785	785
460	460
1063	1063
119	119
11	11
11	11
1168	1168
9	9
388	388
93	93
39	39
2355	2355
576	576
19	19
16	16
12	12
13	13
13	13
11	11
30	30
19	19
1082	1082
1224	1224
1052	1052
11	11
1194	1194
1437	1437
326	326
15	15
2566	2566
855	855
377	377
10	10
59	59
1041	1041
909	909
9	9
20	20
199	199
15	15
15	15
9	9
783	783
237	237
147	147
179	179
334	334
9	9
1159	1159
1092	1092
715	715
594	594
2728	2728
90	90
1319	1319
945	945
1447	1447
1625	1625
96	96
21	21
35	35
1285	1285
620	620
1552	1552
12	12
11	11
922	922
842	842
12	12
617	617
126	126
123	123
9	9
9	9
15	15
17	17
22	22
2466	2466
2216	2216
25	25
93	93
19	19
9	9
33	33
44	44
432	432
1688	1688
9	9
940	940
939	939
10	10
1093	1093
553	553
9	9
155	155
252	252
615	615
420	420
20	20
25	25
17	17
1319	1319
9	9
1271	1271
2225	2225
14	14
507	507
200	200
380	380
651	651
515	515
525	525
717	717
797	797
622	622
655	655
855	855
751	751
963	963
29	29
891	891
835	835
392	392
908	908
13	13
15	15
9	9
16	16
14	14
550	550
993	993
276	276
757	757
26	26
10	10
810	810
714	714
445	445
886	886
20	20
11	11
10	10
714	714
540	540
743	743
10	10
901	901
9	9
552	552
425	425
9	9
19	19
30	30
396	396
365	365
928	928
652	652
29	29
16	16
10	10
963	963
9	9
1489	1489
957	957
12	12
518	518
793	793
11	11
13	13
32	32
14	14
14	14
74	74
59	59
12	12
1460	1460
30	30
18	18
12	12
9	9
1111	1111
1198	1198
1855	1855
9	9
974	974
536	536
60	60
16	16
440	440
210	210
569	569
1359	1359
521	521
29	29
930	930
56	56
257	257
10	10
11	11
15	15
9	9
1655	1655
1711	1711
68	68
1360	1360
26	26
21	21
48	48
933	933
13	13
537	537
498	498
16	16
23	23
47	47
10	10
15	15
625	625
15	15
38	38
24	24
18	18
2279	2279
36	36
9	9
11	11
11	11
468	468
373	373
719	719
602	602
11	11
9	9
528	528
33	33
33	33
11	11
828	828
497	497
524	524
568	568
14	14
2044	2044
9	9
462	462
615	615
1157	1157
1519	1519
29	29
18	18
881	881
17	17
11	11
323	323
622	622
2260	2260
15	15
29	29
36	36
107	107
15	15
129	129
11	11
1775	1775
2399	2399
34	34
21	21
771	771
1435	1435
1115	1115
10	10
36	36
1015	1015
1258	1258
28	28
1104	1104
1081	1081
1175	1175
14	14
18	18
586	586
314	314
423	423
11	11
0	71
423	423
364	364
19	19
51	51
49	49
759	759
485	485
10	10
11	11
26	26
9	9
872	872
61	61
14	14
78	78
11	11
10	10
11	11
859	859
1216	1216
1276	1276
19	19
10	10
9	9
9	9
706	706
331	331
487	487
770	770
647	647
842	842
40	40
14	14
904	904
408	408
24	24
15	15
20	20
56	56
51	51
23	23
18	18
29	29
2355	2355
855	855
712	712
288	288
10	10
374	374
343	343
1956	1956
2128	2128
14	14
9	9
11	11
10	10
10	10
11	11
225	225
324	324
510	510
313	313
89	89
11	11
22	22
339	339
1133	1133
287	287
291	291
270	270
1463	1463
2870	2870
266	266
11	11
847	847
1346	1346
736	736
177	177
280	280
957	957
659	659
1254	1254
699	699
1521	1521
991	991
574	574
303	303
0	95
425	414
1084	1084
16	16
831	831
1358	1358
557	557
661	661
421	421
301	301
752	752
9	9
0	26
928	928
1467	1467
10	10
531	531
1057	1057
1143	1143
25	25
0	41
15	15
639	639
481	481
771	771
892	892
570	570
9	9
875	875
13	13
13	13
13	13
296	296
114	114
56	56
1088	1088
100	100
294	294
55	55
17	17
16	16
11	11
952	952
1562	1562
1883	1883
91	91
283	283
304	304
1686	1686
1259	1259
37	37
13	13
24	24
1008	1008
636	636
587	587
450	450
518	518
788	788
18	18
10	10
716	716
777	777
416	416
439	439
1294	1294
393	393
483	483
1172	1172
557	557
974	974
13	13
200	200
139	139
873	873
132	132
27	27
37	37
10	10
575	575
38	38
37	37
69	69
71	71
939	939
35	35
577	577
32	32
42	42
9	9
1372	1372
1507	1507
1131	1131
1761	1761
1032	1032
1041	1041
130	130
47	47
498	498
53	53
57	57
391	391
1237	1237
801	801
1036	1036
903	903
1249	1249
1007	1007
1297	1297
1012	1012
938	938
598	568
826	826
912	912
495	495
432	432
940	940
1175	1175
894	911
0	47
679	679
731	731
406	406
941	941
1717	1717
1652	1652
1278	1278
1578	1578
1280	1280
20	20
31	31
55	55
34	34
15	15
9	9
42	42
62	62
10	10
14	14
9	9
28	28
13	13
37	37
18	18
11	11
1318	1318
11	11
14	14
12	12
0	81
27	27
42	42
9	9
17	17
1584	1584
2238	2238
30	30
50	50
3	77
12	12
19	19
22	22
29	29
236	236
9	9
984	984
17	17
30	30
28	28
542	542
769	769
9	9
408	408
1874	1874
735	735
817	817
11	11
284	284
624	624
0	96
333	333
808	808
866	866
974	974
16	16
9	9
12	12
235	235
774	774
817	817
816	816
1517	1517
689	689
14	14
839	839
9	9
1493	1493
9	9
23	23
49	49
587	587
15	15
12	12
41	41
12	12
9	9
0	56
24	24
11	11
1783	1783
80	80
334	334
631	631
529	529
10	10
725	725
648	648
342	342
807	807
724	724
1305	1305
10	10
33	33
12	12
1616	1616
838	838
1121	1121
12	12
13	13
13	13
1046	1046
792	792
799	799
645	645
9	9
639	639
955	955
1058	1058
11	11
10	10
18	18
15	15
24	24
13	13
33	33
14	14
783	783
566	566
662	662
859	859
459	459
368	368
431	431
949	949
719	719
376	376
935	935
848	848
569	569
992	992
3040	3040
1157	1157
850	850
997	997
84	84
20	20
46	46
232	232
453	453
344	344
409	409
11	11
18	18
423	423
643	643
1574	1574
13	13
500	500
356	356
1323	1323
872	872
1836	1836
369	369
530	530
791	791
95	95
1129	1129
405	405
1535	1535
902	902
18	18
70	70
17	17
24	24
565	565
703	703
1351	1351
11	11
18	18
10	10
28	28
69	69
14	14
1385	1385
1299	1299
746	746
10	10
28	28
18	18
29	29
745	745
10	10
10	10
13	13
1461	1461
2292	2292
1433	1433
865	865
798	798
10	10
596	596
9	9
13	13
32	32
45	45
12	12
32	32
82	82
14	14
690	690
649	649
35	35
49	49
37	37
9	9
9	9
21	21
636	636
792	792
409	409
736	736
610	610
9	9
18	18
479	479
10	10
1505	1505
874	874
9	9
21	21
49	49
15	15
9	9
44	44
10	10
55	55
11	11
121	121
27	27
60	60
23	23
22	22
35	35
11	11
14	14
16	16
30	30
26	26
16	16
22	22
32	32
2609	2609
1807	1807
23	23
10	10
21	21
1861	1861
927	927
14	14
26	26
565	565
11	11
14	14
9	9
9	9
1137	1137
1216	1216
1862	1862
903	903
803	803
11	11
491	491
1327	1327
2753	2753
9	9
818	818
550	550
675	675
575	575
40	40
25	25
907	907
11	11
941	941
164	164
176	176
30	30
14	14
278	278
308	308
92	92
1444	1444
872	872
669	669
1245	1245
1407	1407
842	842
1178	1178
1906	1906
1026	1026
1526	1526
11	11
0	27
1644	1644
18	18
27	27
1581	1581
1058	1058
1677	1677
21	21
22	22
9	9
606	606
1423	1423
1168	1168
890	890
0	39
545	545
13	13
0	44
452	436
274	252
11	11
867	867
11	11
44	44
924	924
1598	1598
18	18
1676	1676
1537	1537
1634	1634
1711	1711
987	987
849	849
1944	1944
1781	1781
1442	1442
918	918
718	718
648	648
1803	1803
3443	3443
1473	1473
23	23
0	62
982	982
12	12
61	61
652	652
1111	1111
861	861
62	62
32	32
62	62
12	12
2504	2504
2233	2233
2629	2629
1147	1147
13	13
0	87
8	9
10	10
346	346
333	333
14	14
9	9
11	11
351	351
965	965
10	10
641	641
21	21
28	28
610	610
1002	1002
1372	1372
2185	2185
1537	1537
2185	2185
1947	1947
1386	1386
836	836
403	403
1240	1240
1669	1669
1269	1269
1047	1047
498	498
1062	1062
12	12
323	323
200	200
588	588
10	10
11	11
157	157
2484	2484
185	185
970	970
1243	1243
1015	1015
644	644
550	550
1422	1422
941	941
618	618
949	949
617	617
1649	1649
2206	2206
10	10
15	15
929	929
748	748
871	871
658	658
1122	1122
701	701
1801	1801
1857	1857
639	639
1089	1089
23	23
113	113
15	15
1156	1156
759	759
10	10
1468	1468
402	402
1138	1138
973	973
507	507
17	17
10	10
692	692
1146	1146
757	757
20	20
1071	1071
28	28
358	358
11	11
17	17
445	445
1152	1152
19	19
17	17
573	573
861	861
9	9
602	602
787	787
12	12
10	10
9	9
832	832
13	13
45	45
605	605
10	10
423	423
865	865
18	18
158	158
965	965
11	11
606	606
312	312
707	707
486	486
616	616
902	902
774	774
1118	1118
2487	2487
1066	1066
2724	2724
1982	1982
1162	1162
2748	2748
1339	1339
1622	1622
558	558
9	9
683	683
1497	1497
3260	3260
12	12
14	14
12	12
17	17
2797	2797
411	411
9	9
13	13
11	11
837	837
833	833
762	762
550	550
758	758
444	444
707	707
10	10
86	86
306	306
800	800
527	527
28	28
25	25
883	883
20	20
98	98
10	10
10	10
1582	1582
1298	1298
26	26
646	646
907	907
13	13
10	10
1071	1071
17	17
64	64
36	36
3095	3095
2513	2513
15	15
10	10
16	16
697	697
2690	2690
2047	2047
345	345
500	500
825	825
855	855
836	836
16	16
20	20
32	32
13	13
1331	1331
13	13
44	44
54	54
9	9
11	11
1185	1185
1712	1712
9	9
442	442
637	637
812	812
1616	1616
627	627
986	986
1249	1249
814	814
1315	1315
605	605
1530	1530
882	882
2248	2248
1440	1440
2510	2510
25	25
88	88
964	964
1960	1960
2778	2778
2226	2226
1213	1213
1231	1231
1520	1520
1217	1217
794	794
772	772
791	791
10	10
535	535
606	606
806	806
1891	1891
855	855
1189	1189
70	70
36	36
875	875
50	50
44	44
0	35
341	355
114	114
785	785
874	874
279	279
446	446
679	679
11	11
14	14
10	10
117	117
260	260
369	369
458	458
423	423
40	40
158	158
9	9
11	11
13	13
27	27
26	26
1	40
376	393
0	42
587	587
556	556
515	515
0	26
459	459
729	729
673	673
567	567
608	608
2	50
43	43
10	10
43	43
15	15
9	9
389	389
980	980
388	388
15	15
472	472
15	15
11	11
28	28
12	12
0	56
14	14
14	14
18	18
10	10
11	11
16	16
759	759
11	11
686	686
20	20
18	17
0	82
622	622
1242	1242
32	32
545	545
25	25
11	11
139	139
12	12
18	18
473	473
10	10
11	11
209	209
9	9
21	21
52	52
1293	1293
11	11
1766	1766
454	454
1780	1780
15	15
30	30
25	25
22	22
38	38
15	15
310	310
2361	2361
27	27
2049	2049
2747	2747
592	592
726	726
1176	1176
891	891
818	818
28	28
761	761
582	582
12	12
490	490
839	839
20	20
28	28
441	441
976	976
627	627
11	11
12	12
13	13
31	31
26	26
40	40
861	861
731	731
1105	1105
916	916
1525	1525
611	611
355	355
9	9
935	935
1128	1128
934	934
15	15
17	17
1005	1005
1442	1442
531	531
559	559
596	596
736	736
1824	1824
1190	1190
472	472
11	11
1027	1027
433	433
15	15
11	11
508	508
9	9
458	458
459	459
487	487
9	9
1620	1620
2034	2034
863	863
775	775
549	549
82	82
122	122
1194	1194
866	866
779	779
26	26
11	11
34	34
496	496
18	18
35	35
640	640
739	739
489	489
12	12
2079	2079
918	918
11	11
746	746
9	9
67	67
85	85
9	9
35	35
15	15
12	12
1173	1173
1102	1102
176	176
172	172
1422	1422
517	517
787	787
577	577
975	975
11	11
973	973
750	750
311	311
19	19
15	15
10	10
17	17
376	376
789	789
957	957
2701	2701
24	24
1556	1556
9	9
11	11
18	18
1450	1450
9	9
10	10
10	10
9	9
1291	1291
25	25
665	665
14	14
1691	1691
11	11
386	386
929	929
560	560
38	38
1079	1079
962	962
523	523
2041	2041
44	44
10	10
48	48
26	26
14	14
513	513
1584	1584
11	11
268	268
656	656
2035	2035
2341	2341
805	805
803	803
1218	1218
1077	1077
1242	1242
18	18
467	467
31	31
26	26
64	64
112	112
81	81
30	30
10	10
18	18
11	11
29	29
12	12
18	18
877	877
578	578
745	745
1065	1065
1444	1444
871	871
774	774
938	938
926	926
840	840
998	998
27	27
11	11
1953	1953
2276	2276
2563	2563
10	10
473	473
754	754
9	9
235	235
607	607
1179	1179
11	11
23	23
407	407
862	862
650	650
1074	1074
528	528
665	665
636	636
624	624
902	902
9	9
854	854
469	469
34	34
9	9
34	34
366	366
177	177
17	17
184	184
25	25
9	9
10	10
786	786
766	766
220	220
467	467
846	846
1472	1472
1268	1268
651	651
370	370
720	720
45	45
709	709
335	335
848	848
328	328
260	260
630	630
186	186
133	133
45	45
461	461
1201	1201
1024	1024
1124	1124
1987	1987
1033	1033
784	784
1814	1814
1179	1179
1123	1123
869	869
1499	1499
2367	2367
1099	1099
1718	1718
866	866
916	916
14	14
1000	1000
1093	1093
1372	1372
1518	1518
1445	1445
1599	1599
1645	1645
3233	3233
1278	1278
891	891
1095	1095
628	628
918	918
418	418
341	341
99	99
16	16
54	54
927	927
2836	2836
732	732
511	511
553	553
399	399
418	418
868	868
895	895
1874	1874
1302	1302
608	608
324	324
17	17
11	11
1040	1040
24	24
681	681
11	11
29	29
19	19
543	543
1461	1461
1275	1275
762	762
1194	1194
835	835
22	22
11	11
797	797
17	17
1974	1974
10	10
309	309
1006	1006
313	313
322	322
438	438
9	9
1489	1489
9	9
13	13
13	13
2035	2035
2029	2029
2191	2191
617	617
1210	1210
10	10
553	553
503	503
683	683
308	308
376	376
716	716
12	12
563	563
484	484
164	164
627	627
1741	1741
979	979
608	608
1026	1026
516	516
1013	1013
168	168
571	571
569	569
1083	1083
1571	1571
0	77
945	945
379	379
348	348
274	274
18	18
962	962
1535	1535
694	694
78	78
34	34
324	324
571	571
1231	1231
633	633
0	80
10	10
1391	1391
1747	1747
11	11
1205	1205
565	565
3047	3047
2195	2195
756	756
32	32
9	9
657	657
765	765
0	88
1	52
201	201
301	301
167	167
472	472
194	194
65	65
9	9
37	37
0	54
12	12
353	353
363	363
1007	1007
614	614
82	82
66	66
11	11
1266	1266
21	21
1654	1654
23	23
706	706
12	12
11	11
13	13
1766	1766
1144	1144
579	579
32	32
0	58
765	771
11	11
10	10
13	13
228	228
754	754
36	36
88	88
14	14
116	116
401	401
79	79
49	49
12	12
30	30
77	77
293	293
169	169
144	144
66	66
32	32
12	12
32	32
12	12
11	11
568	568
114	114
16	16
96	96
177	177
229	229
267	267
446	446
10	10
582	582
998	998
716	716
415	415
1382	1382
458	458
513	513
463	463
305	305
673	673
272	272
297	297
96	96
664	664
27	27
292	292
249	249
233	233
145	145
14	14
13	13
12	12
25	25
10	10
26	26
84	84
323	323
167	167
229	229
570	570
874	874
1514	1514
1705	1705
948	948
525	525
586	586
215	215
909	909
1379	1379
146	146
617	617
15	15
0	47
10	10
29	29
10	10
10	10
373	373
19	19
17	17
424	424
413	413
9	9
530	530
1889	1889
648	648
0	33
261	272
524	524
212	212
815	815
572	572
463	463
447	447
780	780
1221	1221
204	204
2192	2192
1280	1280
12	12
916	916
1944	1944
9	9
1780	1780
1003	1003
10	10
10	10
1316	1316
879	879
221	221
1299	1299
1678	1678
586	586
396	396
326	326
339	339
10	10
29	29
28	28
487	487
1065	1065
1274	1274
1407	1407
9	9
147	147
15	15
19	19
1355	1355
357	357
571	571
216	216
1505	1505
1133	1133
1048	1048
1663	1663
12	12
15	15
10	10
428	428
738	738
584	584
161	161
13	13
1110	1110
447	447
472	472
314	314
661	661
341	341
13	13
363	363
2003	2003
583	583
214	214
474	474
837	837
32	32
29	29
36	36
597	597
811	811
328	328
996	996
1950	1950
19	19
20	20
10	10
2713	2713
1589	1589
917	917
582	582
678	678
578	578
1398	1398
27	27
18	18
369	369
1192	1192
9	9
17	17
10	10
18	18
958	958
1181	1181
342	342
420	420
366	366
221	221
1143	1143
707	707
909	909
100	100
303	303
192	192
187	187
899	899
150	150
676	676
15	15
175	175
31	31
745	745
258	258
698	698
264	264
219	219
163	163
328	328
727	727
424	424
841	841
1140	1140
938	938
602	602
772	772
9	9
653	653
1286	1286
1016	1016
466	466
25	25
35	35
11	11
11	11
723	723
1202	1202
26	26
17	17
938	938
9	9
881	881
484	484
1356	1356
14	14
315	315
9	9
135	135
19	19
10	10
12	12
123	123
126	126
1193	1193
700	700
19	19
1197	1197
1141	1141
907	907
949	949
615	615
9	9
9	9
30	30
33	33
97	97
1052	1052
790	790
859	859
85	85
90	90
12	12
26	26
14	14
1108	1108
777	777
9	9
9	9
11	11
11	11
23	23
23	23
650	650
1091	1091
1061	1061
15	15
312	312
752	752
12	12
381	381
827	827
1853	1853
121	121
485	485
644	644
706	706
360	360
615	615
953	953
18	18
20	20
18	18
15	15
544	544
52	52
848	848
662	662
2347	2347
2262	2262
14	14
10	10
618	618
1323	1323
17	17
18	18
9	9
667	667
13	13
29	29
549	549
16	16
10	10
18	18
560	560
818	818
773	773
611	611
10	10
20	20
16	16
9	9
109	109
1812	1812
11	11
41	41
129	129
128	128
90	90
68	68
9	9
370	370
1578	1578
1524	1524
1539	1539
1108	1108
1451	1451
2648	2648
1108	1108
827	827
741	741
1279	1279
127	127
116	116
427	427
912	912
811	811
1050	1050
10	10
889	889
909	909
11	11
893	893
2588	2588
3424	3424
2911	2911
10	10
1890	1890
591	591
1222	1222
1728	1728
505	505
633	633
909	909
578	578
520	520
10	10
1406	1406
654	654
18	18
11	11
15	15
54	54
9	9
12	12
629	629
23	23
32	32
12	12
9	9
2063	2063
2518	2518
1123	1123
1140	1140
1132	1132
647	647
990	990
1068	1068
15	15
777	777
11	11
2137	2137
1552	1552
752	752
853	853
45	45
10	10
766	766
27	27
42	42
431	431
930	930
662	662
588	588
33	33
23	23
11	11
11	11
27	27
43	43
955	955
10	10
9	9
11	11
495	495
767	767
455	455
645	645
524	524
969	969
24	24
1672	1672
349	349
1977	1977
25	25
44	44
668	668
386	386
449	449
120	120
972	972
1711	1711
308	308
1783	1783
331	331
9	9
279	279
831	831
739	739
1042	1042
9	9
624	624
1030	1030
1160	1160
313	313
570	570
985	985
1439	1439
950	950
729	729
803	803
934	934
1012	1012
87	87
1578	1578
276	276
9	9
0	25
0	27
283	283
0	54
219	219
232	232
117	117
9	9
357	357
34	34
295	295
577	577
15	15
2385	2385
2274	2274
16	16
23	23
2026	2026
600	600
68	68
1701	1701
763	763
805	805
727	727
522	522
9	9
1027	1027
11	11
377	377
600	600
11	11
9	9
795	795
324	324
788	788
924	924
27	27
27	27
997	997
18	18
12	12
689	689
9	9
1979	1979
22	22
22	22
37	37
1213	1213
1451	1451
22	22
852	852
144	144
0	89
1312	1312
11	11
250	250
904	904
183	183
196	196
661	661
580	580
637	637
742	742
2400	2400
1473	1473
968	968
915	915
620	620
841	841
667	667
394	394
54	54
873	873
15	15
12	12
14	14
1517	1517
28	28
10	10
2066	2066
1462	1462
323	323
673	673
855	855
853	853
838	838
1895	1895
827	827
736	736
1652	1652
1823	1823
2000	2000
903	903
574	574
819	819
245	245
819	819
412	412
1258	1258
1149	1149
13	13
606	606
275	275
366	366
1038	1038
1769	1769
1210	1210
700	700
40	40
608	608
704	704
701	701
426	426
404	404
295	295
620	620
569	569
572	572
551	551
13	13
29	29
416	416
781	781
1089	1089
10	10
989	989
9	9
9	9
1256	1256
18	18
452	452
1299	1299
429	429
395	395
823	823
538	538
9	9
12	12
0	72
1525	1525
1416	1416
1047	1047
693	693
73	73
33	33
1671	1671
16	16
854	854
794	794
883	883
893	893
993	993
630	630
15	15
811	811
573	573
2375	2375
2793	2793
1875	1875
1091	1091
1261	1261
19	19
916	916
1182	1182
1262	1262
2246	2246
756	756
1529	1529
1742	1742
1783	1783
1326	1326
2510	2510
1591	1591
1792	1792
608	608
989	989
653	653
908	908
616	616
517	517
1165	1165
1240	1240
19	19
466	466
1169	1169
9	9
9	9
74	74
9	9
11	11
22	22
9	9
10	10
744	744
1048	1048
12	12
925	925
840	840
507	507
637	637
167	167
174	174
651	651
384	384
894	894
10	10
11	11
56	56
205	205
332	332
575	575
10	10
620	620
395	395
16	16
21	21
41	41
42	42
102	102
56	56
1915	1915
1887	1887
16	16
14	14
1513	1513
2266	2266
797	797
754	754
13	13
355	355
10	10
654	654
13	13
9	9
753	753
983	983
1165	1165
928	928
16	16
9	9
9	9
12	12
9	9
483	483
13	13
17	17
892	892
773	773
12	12
20	20
11	11
16	16
1058	1058
1072	1072
407	407
30	30
552	552
1115	1115
36	36
74	74
804	804
10	10
0	41
508	508
1236	1236
113	113
1228	1228
10	10
10	10
322	322
16	16
1221	1221
498	498
32	32
15	15
513	513
37	37
15	15
10	10
1184	1184
1307	1307
13	13
707	707
725	725
1544	1544
2501	2501
23	23
45	45
747	747
1270	1270
58	58
1035	1035
1554	1554
279	279
277	277
39	39
1914	1914
1569	1569
623	623
70	70
39	39
17	17
49	49
666	666
253	253
641	641
550	550
1108	1108
11	11
978	978
629	629
636	636
10	10
849	849
756	756
114	114
277	277
407	407
425	425
12	12
9	9
16	16
525	525
20	20
203	203
2004	2004
11	11
620	620
9	9
13	13
12	12
18	18
16	16
21	21
10	10
16	16
16	16
96	96
34	34
11	11
15	15
12	12
47	47
82	82
58	58
12	12
10	10
18	18
12	12
9	9
535	535
231	231
522	522
607	607
20	20
38	38
72	72
86	86
1801	1801
1452	1452
257	257
550	550
591	591
455	455
35	35
49	49
69	69
138	138
47	47
95	95
1371	1371
46	46
65	65
119	119
226	226
1924	1924
868	868
35	35
25	25
24	24
23	23
250	250
34	34
18	18
20	20
19	19
27	27
10	10
23	23
11	11
654	654
771	771
263	263
225	225
1244	1244
1717	1717
2350	2350
1147	1147
20	20
2358	2358
1259	1259
1715	1715
79	79
483	483
437	437
15	15
9	9
1850	1850
1102	1102
1143	1143
1867	1867
14	14
1264	1264
1029	1029
1833	1833
31	31
438	438
63	63
635	635
282	282
752	752
16	16
13	13
11	11
485	485
771	771
1419	1419
9	9
1013	1013
507	507
0	79
686	686
553	553
47	47
35	35
79	79
984	984
965	965
573	573
1240	1240
995	995
2048	2048
586	586
596	596
1255	1255
633	633
147	147
11	11
719	719
505	505
1637	1637
1697	1697
12	12
1186	1186
142	142
1409	1409
1923	1923
1687	1687
782	782
688	688
774	774
333	333
581	581
609	609
864	864
280	280
506	506
699	699
686	686
564	564
426	426
922	922
370	370
293	293
869	869
868	868
46	46
19	19
47	47
1339	1339
1051	1051
9	9
589	589
11	11
15	15
14	14
13	13
922	922
1583	1583
93	93
42	42
995	995
12	12
1742	1742
1688	1688
784	784
2186	2186
13	13
13	13
53	53
19	19
17	17
36	36
2083	2083
10	10
435	435
314	314
9	9
750	750
15	15
11	11
108	108
10	10
1570	1570
11	11
18	18
31	31
331	331
47	47
18	18
26	26
9	9
34	34
17	17
12	12
1847	1847
14	14
19	19
48	48
14	14
1443	1443
1323	1323
2557	2557
687	687
1754	1754
1686	1686
2438	2438
911	911
1056	1056
21	21
9	9
470	470
9	9
10	10
9	9
1236	1236
1157	1157
828	828
47	47
45	45
63	63
23	23
365	365
11	11
11	11
16	16
30	30
1018	1018
844	844
1161	1161
10	10
115	115
24	24
71	71
16	16
714	714
1094	1094
844	844
780	780
611	611
15	15
34	34
9	9
24	24
759	759
24	24
775	775
793	793
436	436
11	11
16	16
13	13
11	11
360	360
270	270
372	372
1000	1000
1617	1617
1409	1409
1077	1077
69	69
11	11
9	9
26	26
268	268
131	131
11	11
51	51
9	9
1211	1211
76	76
15	15
46	46
12	12
626	626
726	726
554	554
23	23
16	16
900	900
632	632
605	605
796	796
12	12
725	725
1342	1342
30	30
47	47
10	10
18	18
42	42
14	14
10	10
1036	1036
15	15
808	808
1967	1967
9	9
14	14
9	9
593	593
154	154
17	17
16	16
12	12
968	968
416	416
26	26
42	42
274	274
592	592
706	706
11	11
42	42
22	22
1184	1184
17	17
19	19
69	69
102	102
24	24
13	13
15	15
10	10
744	744
26	26
23	23
698	698
641	641
652	652
1583	1583
2171	2171
554	554
18	18
911	911
858	858
1089	1089
1145	1145
714	714
696	696
611	611
1127	1127
286	286
484	484
830	830
753	753
1953	1953
14	14
9	9
211	211
313	313
17	17
484	484
896	896
1657	1657
1288	1288
831	831
684	684
545	545
1115	1115
1069	1069
622	622
19	19
397	397
1312	1312
1551	1551
1393	1393
1057	1057
35	35
837	837
762	762
381	381
358	358
580	580
410	410
453	453
1220	1220
352	352
120	120
1202	1202
292	292
617	617
540	540
634	634
274	274
102	102
83	83
443	443
932	932
183	183
599	599
1429	1429
394	394
414	414
514	514
1887	1887
1187	1187
1534	1534
42	43
55	81
8	16
788	808
0	90
45	45
57	57
9	9
25	25
663	663
9	9
558	558
650	650
0	97
1	96
11	11
990	990
43	43
39	39
0	66
2315	2315
0	89
9	9
998	998
1	58
74	74
504	504
1617	1617
894	894
58	58
13	13
37	37
395	395
13	13
344	344
826	826
13	13
1414	1414
0	48
631	631
10	10
11	11
11	11
18	18
0	17
1033	1033
819	819
1009	1009
1345	1345
364	364
998	998
579	579
1082	1082
564	564
1632	1632
16	16
2324	2324
1368	1368
1127	1127
1366	1366
1608	1608
28	28
19	19
1408	1408
11	11
1939	1939
11	11
902	902
707	707
502	502
711	711
2021	2021
2335	2335
31	31
68	68
44	44
933	933
197	197
234	234
2198	2198
581	581
9	9
387	387
19	19
502	502
563	563
19	19
17	17
21	21
27	27
1471	1471
1741	1741
2261	2261
1530	1530
2822	2822
925	925
2028	2028
22	22
624	624
601	601
2223	2223
1738	1738
634	634
11	11
98	98
586	586
588	588
675	675
1026	1026
636	636
928	928
677	677
605	605
593	593
1701	1701
530	530
28	28
98	98
11	11
17	17
781	781
679	679
1282	1282
794	794
700	700
986	986
492	492
784	784
9	9
1892	1892
1708	1708
1555	1555
1955	1955
814	814
403	403
993	993
13	13
10	10
681	681
671	671
9	9
9	9
281	281
225	225
10	10
688	688
11	11
279	279
624	624
753	753
356	356
461	461
9	9
23	23
10	10
378	378
13	13
11	11
594	594
84	84
30	30
9	9
10	10
827	827
309	309
810	810
15	15
10	10
17	17
62	62
28	28
230	230
468	468
11	11
10	10
1537	1537
59	59
2724	2724
437	437
784	784
15	15
14	14
657	657
16	16
1263	1263
450	450
9	9
655	655
649	649
18	18
740	740
936	936
627	627
920	920
780	780
1164	1164
854	854
785	785
898	898
922	922
780	780
495	495
588	588
836	836
873	873
15	15
49	49
418	418
1151	1151
49	49
827	827
815	815
989	989
1065	1065
753	753
777	777
575	575
10	10
12	12
2805	2805
907	907
208	208
16	16
9	9
20	20
982	982
841	841
130	130
21	21
85	85
18	18
454	454
1032	1032
77	77
22	22
518	518
550	550
49	49
278	278
386	386
11	11
57	57
587	587
13	13
1176	1176
813	813
38	38
9	9
32	32
1169	1169
15	15
20	20
406	406
408	408
526	526
14	14
797	797
620	620
656	656
353	353
601	601
223	223
60	60
156	156
909	909
393	393
292	292
257	257
1256	1256
14	14
9	9
17	17
9	9
9	9
617	617
13	13
9	9
440	440
224	224
453	453
10	10
347	347
235	235
634	634
288	288
798	798
170	170
416	416
458	458
10	10
11	11
1332	1332
306	306
366	366
641	641
663	663
13	13
632	632
1334	1334
14	14
750	750
551	551
865	865
337	337
213	213
54	54
0	63
838	877
1241	1241
2027	2027
1062	1062
2275	2275
0	68
734	734
495	495
13	13
724	724
15	15
15	15
424	424
614	614
365	365
538	538
421	421
1679	1679
9	9
674	674
9	9
985	985
0	26
584	584
466	466
418	418
125	125
637	637
15	15
52	52
9	9
84	84
42	42
9	9
520	520
955	955
343	343
646	646
441	441
795	795
17	17
833	833
1288	1288
1017	1017
808	808
482	482
505	505
526	526
432	432
9	9
1182	1182
1320	1320
244	244
510	510
568	568
681	681
9	9
1543	1543
606	606
9	9
11	11
106	106
19	19
34	34
1810	1810
757	757
1306	1306
13	13
2397	2397
2472	2472
9	9
18	18
26	26
29	29
728	728
473	473
18	18
34	34
1164	1164
17	17
2880	2880
1743	1743
3284	3284
16	16
506	506
26	26
23	23
39	39
41	41
495	495
459	459
828	828
533	533
18	18
1033	1033
1268	1268
897	897
397	397
91	91
1212	1212
968	968
444	444
1096	1096
12	12
12	12
24	24
35	35
19	19
991	991
13	13
984	984
1	52
9	9
12	10
20	17
24	24
810	810
744	744
18	18
43	43
1559	1559
100	100
0	74
10	10
17	17
39	39
486	486
162	162
12	12
17	17
28	28
11	11
498	498
582	582
15	15
9	9
13	13
14	14
253	253
15	15
16	16
996	996
1212	1212
1513	1513
1046	1046
1739	1739
14	14
14	14
12	12
23	23
10	10
616	616
269	269
237	237
1484	1484
1248	1248
734	734
528	528
1925	1925
578	578
1991	1991
22	22
9	9
886	886
812	812
9	9
0	96
12	12
14	14
1602	1602
2183	2183
13	13
204	204
459	459
379	379
141	141
926	926
18	18
1748	1748
1145	1145
372	372
775	775
475	475
535	535
435	435
1008	1008
1859	1859
681	681
1225	1225
11	11
9	9
808	808
351	351
401	401
1133	1133
1203	1203
13	13
12	12
12	12
539	539
17	17
25	25
10	10
12	12
1157	1157
66	66
77	77
17	17
2821	2821
16	16
14	14
10	10
27	27
11	11
9	9
9	9
19	19
37	37
1056	1056
291	291
1744	1744
944	944
797	797
1152	1152
11	11
25	25
1741	1741
826	826
277	277
350	350
355	355
550	550
526	526
630	630
1309	1309
1019	1019
929	929
1221	1221
770	770
345	345
193	193
871	871
434	434
432	432
1342	1342
463	463
475	475
0	75
0	88
1205	1205
1	96
441	441
720	720
619	619
1076	1076
53	53
1001	1001
0	44
11	11
13	13
467	467
795	795
314	318
0	37
742	742
716	716
19	19
14	14
12	12
667	667
22	22
1648	1648
2228	2228
679	679
759	759
772	772
1252	1252
638	638
37	37
9	9
1097	1097
1480	1480
557	557
608	608
857	857
60	60
462	462
449	449
448	448
452	452
1152	1152
2250	2250
2171	2171
16	16
9	9
12	12
9	9
185	185
942	942
1767	1767
9	9
955	955
83	83
15	15
27	27
14	14
25	25
9	9
2852	2852
9	9
85	85
37	37
63	63
197	197
1052	1052
216	216
625	625
754	754
424	424
1347	1347
1195	1195
841	841
1171	1171
13	13
1085	1085
2810	2810
17	17
555	555
9	9
801	801
26	26
30	30
9	9
15	15
984	984
2398	2398
1177	1177
1395	1395
1955	1955
10	10
26	26
1765	1765
1064	1064
948	948
837	837
1244	1244
568	568
328	328
9	9
955	955
1381	1381
40	40
418	418
828	828
975	975
1091	1091
757	757
1129	1129
2814	2814
9	9
11	11
374	374
1585	1585
15	15
1911	1911
1729	1729
730	730
272	274
0	29
619	619
12	12
442	442
430	430
424	424
1209	1209
752	752
831	831
518	518
49	49
46	46
390	390
741	741
1036	1036
906	906
326	326
452	452
325	325
397	397
259	259
41	41
655	655
145	145
681	681
87	87
61	61
645	645
431	431
24	24
35	35
18	18
612	612
20	20
62	62
26	26
147	147
54	54
715	715
1776	1776
1390	1390
289	289
14	14
46	46
17	17
1891	1891
1240	1240
1284	1284
601	601
1312	1312
9	9
813	813
224	224
15	15
10	10
1097	1097
420	420
969	969
1043	1043
304	304
76	76
55	55
577	577
1433	1433
1030	1030
980	980
124	124
69	69
928	928
1990	1990
9	9
9	9
748	748
287	287
220	220
603	603
27	27
140	140
1144	1144
902	902
765	765
15	15
364	364
2561	2561
14	14
236	236
643	643
567	567
478	478
458	458
10	10
730	730
385	385
539	539
163	163
320	320
71	71
613	613
575	575
808	808
629	629
537	537
843	843
24	24
10	10
22	22
17	17
466	466
1228	1228
310	310
592	592
308	308
1749	1749
10	10
18	18
606	606
23	23
12	12
646	646
13	13
919	919
18	18
641	641
43	43
72	72
19	19
29	29
1347	1347
14	14
11	11
1152	1152
17	17
49	49
515	515
839	839
2164	2164
2339	2339
3212	3212
1051	1051
1015	1015
298	298
525	525
14	14
40	40
79	79
9	9
802	802
934	934
14	14
1180	1180
14	14
27	27
12	12
751	751
1787	1787
1513	1513
392	392
1100	1100
10	10
30	30
24	24
11	11
1087	1087
15	15
13	13
978	978
1075	1075
18	18
17	17
151	151
17	17
1595	1595
18	18
17	17
66	66
80	80
612	612
13	13
17	17
9	9
20	20
18	18
11	11
0	78
0	77
1270	1270
72	72
17	17
9	9
25	25
13	13
1472	1472
2180	2180
1538	1538
15	15
501	501
585	585
425	425
9	9
11	11
15	15
751	751
517	517
469	469
149	149
1036	1036
1509	1509
1534	1534
1179	1179
734	734
431	431
9	9
664	664
861	861
1650	1650
267	267
37	37
25	25
25	25
15	15
15	15
11	11
15	15
28	28
21	21
16	16
11	11
11	11
0	86
86	86
353	353
557	557
88	88
14	14
21	21
12	12
0	73
15	15
10	10
13	13
30	30
11	11
312	312
531	531
9	9
847	847
2733	2733
1756	1756
1602	1602
1591	1591
897	897
539	539
1290	1290
11	11
14	14
622	622
664	664
746	746
1168	1168
520	520
489	489
527	527
797	797
561	561
711	711
840	840
1312	1312
397	397
268	268
372	372
13	13
667	667
22	22
37	37
0	84
1010	1010
9	9
9	9
51	51
57	57
0	71
88	88
93	93
1175	1175
10	10
1420	1420
61	61
55	55
10	10
1938	1938
992	992
1234	1234
248	248
1157	1157
1372	1372
25	25
21	21
856	856
1685	1685
2526	2526
497	497
561	561
1704	1704
646	646
273	273
118	118
207	207
662	662
1002	1002
723	723
91	91
43	43
9	9
1808	1808
346	346
475	475
1037	1037
9	9
544	544
923	923
10	10
903	903
64	64
111	111
12	12
1097	1097
1245	1245
833	833
1977	1977
1054	1054
1791	1791
1745	1745
1518	1518
341	341
2092	2092
1042	1042
1013	1013
2093	2093
11	11
703	703
56	56
16	16
694	694
734	734
1053	1053
13	13
550	550
12	12
15	15
857	857
9	9
1064	1064
1445	1445
1039	1039
1100	1100
12	12
20	20
0	69
13	13
133	133
571	571
899	899
473	473
599	599
1021	1021
1421	1421
13	13
1276	1276
2297	2297
12	12
24	24
2063	2063
2074	2074
1195	1195
1888	1888
832	832
781	781
1161	1161
356	356
424	424
37	37
492	492
379	379
1362	1362
10	10
1866	1866
1369	1369
1164	1178
0	54
22	22
17	17
9	9
1830	1830
1407	1407
266	266
2416	2416
121	121
125	125
9	9
1298	1298
1717	1717
9	9
1378	1378
1133	1133
726	726
533	533
1300	1300
766	766
2182	2182
1195	1195
876	876
666	666
22	22
15	15
63	63
11	11
14	14
665	665
633	633
989	989
656	656
243	243
417	417
871	871
1238	1238
474	474
799	799
496	496
12	12
17	17
373	373
9	9
616	616
546	546
491	491
653	653
761	761
674	674
9	9
9	9
271	271
976	976
10	10
933	933
116	116
28	28
470	470
11	11
10	10
1119	1119
165	165
120	120
9	9
10	10
771	771
1702	1702
2483	2483
1471	1471
1720	1720
9	9
10	10
10	10
539	539
9	9
10	10
38	38
559	559
9	9
11	11
859	859
45	45
12	12
43	43
12	12
10	10
65	65
9	9
60	60
31	31
728	728
540	540
499	499
9	9
128	128
11	11
482	482
1	98
1544	1544
822	822
1607	1607
525	525
9	9
1410	1410
9	9
10	10
854	854
602	602
933	933
507	507
763	763
1570	1570
338	338
10	10
458	458
746	746
13	13
1473	1473
923	923
1004	1004
12	12
705	705
1131	1131
310	310
10	10
575	575
12	12
0	30
0	65
0	56
1062	1062
545	545
1463	1463
9	9
0	24
18	18
1592	1592
510	510
1190	1190
1275	1275
930	930
1177	1177
28	28
29	29
942	942
725	725
664	664
865	865
1678	1678
1345	1345
404	404
11	11
9	9
9	9
1224	1224
18	18
759	759
11	11
16	16
732	732
924	924
768	768
635	635
964	964
750	750
1080	1080
825	825
1133	1133
526	526
659	659
761	761
750	750
1423	1423
1027	1027
34	34
44	44
647	647
955	955
920	920
898	898
1590	1590
1661	1661
733	733
911	911
2850	2850
25	25
17	17
946	946
1652	1652
2033	2033
999	999
348	348
383	383
585	585
58	58
63	63
662	662
961	961
634	634
9	9
66	66
33	33
20	20
24	24
1261	1261
1270	1270
2313	2313
106	106
152	152
300	300
254	254
16	16
40	40
501	501
62	62
13	13
69	69
17	17
594	594
1280	1280
1014	1014
1325	1325
553	553
22	22
2440	2440
2481	2481
1237	1237
1129	1129
13	13
9	9
631	631
164	164
1399	1399
822	822
882	882
33	33
24	24
31	31
111	111
274	274
12	12
15	15
160	160
34	34
19	19
445	445
14	14
17	17
516	516
534	534
910	910
9	9
27	27
594	594
483	483
417	417
614	614
624	624
427	427
269	269
638	638
574	574
19	19
10	10
9	9
32	32
13	13
9	9
2218	2218
10	10
10	10
945	945
9	9
13	13
22	22
828	828
13	13
43	43
652	652
46	46
34	34
22	22
12	12
21	21
36	36
17	17
1356	1356
1170	1170
824	824
1119	1119
11	11
229	229
316	316
454	454
368	368
371	371
568	568
314	314
295	295
127	127
415	415
263	263
501	501
380	380
891	891
86	86
651	651
477	477
698	698
655	655
564	564
36	36
417	417
417	417
906	906
651	651
612	612
39	39
14	14
36	36
737	737
667	667
1148	1148
1900	1900
49	49
23	23
39	39
1518	1518
235	235
51	51
961	961
15	15
11	11
131	131
29	29
34	34
10	10
356	356
1280	1280
16	16
24	24
28	28
954	954
949	949
1061	1061
59	59
102	102
15	15
17	17
9	9
24	24
873	873
2379	2379
1857	1857
10	10
778	778
1381	1381
1574	1574
1540	1540
2114	2114
1499	1499
1358	1358
1060	1060
458	458
438	438
204	204
52	52
619	619
483	483
41	41
15	15
102	102
166	166
396	396
133	133
145	145
412	412
1176	1176
609	609
529	529
376	376
401	401
509	509
662	662
422	422
84	84
83	83
72	72
14	14
10	10
409	409
832	832
1171	1171
1011	1011
840	840
2108	2108
1463	1463
387	387
45	45
49	49
548	548
466	466
631	631
12	12
1016	1016
760	760
1724	1724
500	500
12	12
12	12
39	39
55	55
10	10
1909	1909
1943	1943
1354	1354
1513	1513
12	12
1880	1880
2591	2591
21	21
14	14
76	76
10	10
57	57
9	9
3059	3059
2944	2944
1075	1075
2734	2734
1694	1694
3058	3058
2208	2208
1913	1913
1819	1819
1193	1193
9	9
2101	2101
662	662
1324	1324
434	434
13	13
20	20
1526	1526
1784	1784
733	733
0	60
47	47
631	631
9	9
12	12
37	37
33	33
80	80
68	68
13	13
823	823
1453	1453
812	812
1600	1600
972	972
1000	1000
3368	3368
1830	1830
1124	1124
1636	1636
1129	1129
16	16
668	668
813	813
1205	1205
16	16
23	23
2232	2232
1123	1123
1363	1363
11	11
13	13
57	57
33	33
1347	1347
22	22
10	10
1744	1744
29	29
57	57
9	9
1967	1967
411	411
1576	1576
1954	1954
1072	1072
1604	1604
2030	2030
1651	1651
11	11
12	12
23	23
2217	2217
1451	1451
1707	1707
1313	1313
1311	1311
1852	1852
33	33
781	781
1145	1145
480	480
1256	1256
1139	1139
1028	1028
78	78
65	65
892	892
9	9
30	30
1627	1627
10	10
9	9
11	11
13	13
14	14
9	9
14	14
9	9
10	10
11	11
329	329
16	16
631	631
2233	2233
755	755
1950	1950
1097	1097
527	527
1959	1959
907	907
642	642
26	26
33	33
1019	1019
1642	1642
775	775
24	24
24	24
13	13
122	122
419	419
11	11
622	622
657	657
802	802
1218	1218
1102	1102
1071	1071
891	891
1097	1097
846	846
587	587
625	625
1783	1783
2058	2058
46	46
44	44
1608	1608
1700	1700
1704	1704
1081	1081
28	28
295	295
534	534
471	471
1536	1536
386	386
565	565
414	414
663	663
1436	1436
9	9
36	36
10	10
272	272
310	310
1012	1012
1622	1622
611	611
1491	1491
878	878
18	18
217	217
12	12
1064	1064
435	435
13	13
1005	1005
2144	2144
1096	1096
15	15
237	237
2148	2148
1518	1518
13	13
11	11
1231	1231
2575	2575
1378	1378
486	486
721	721
1706	1706
1016	1016
1402	1402
835	835
713	713
537	537
803	803
831	831
1071	1071
968	968
0	74
753	754
0	76
1159	1159
153	153
11	11
20	20
25	25
727	727
95	95
764	764
412	412
19	19
2076	2076
1037	1037
9	9
9	9
846	846
331	331
390	390
432	432
767	767
920	920
11	11
24	24
539	539
991	991
11	11
18	18
459	459
9	9
533	533
1093	1093
513	513
493	493
40	40
18	18
459	460
0	64
1256	1256
1064	1064
1765	1765
1033	1033
345	345
21	21
838	838
1390	1390
0	95
1253	1253
19	19
2963	2963
1309	1309
11	11
210	210
381	381
384	384
162	162
11	11
9	9
11	11
19	19
747	747
1227	1227
1210	1210
97	97
97	97
124	124
966	966
9	9
643	643
1538	1538
1155	1155
1285	1285
11	11
398	398
392	392
469	469
17	17
10	10
533	533
1117	1117
311	311
424	424
1972	1972
127	127
39	39
152	152
226	226
408	408
890	890
49	49
38	38
797	797
484	484
579	579
714	714
616	616
1750	1750
10	10
547	547
9	9
10	10
677	677
30	30
10	10
1102	1102
29	29
18	18
670	670
633	633
12	12
337	337
852	852
10	10
529	529
91	91
101	101
22	22
2717	2717
924	924
48	48
88	88
20	20
22	22
18	18
12	12
19	19
1227	1227
15	15
11	11
9	9
75	75
12	12
25	25
11	11
13	13
1107	1107
926	926
1668	1668
774	774
721	721
11	11
779	779
1167	1167
889	889
265	265
21	21
35	35
777	777
1411	1411
1048	1048
14	14
11	11
1487	1487
30	30
14	14
11	11
854	854
1160	1160
1419	1419
565	565
686	686
1139	1139
528	528
1216	1216
9	9
1485	1485
2878	2878
51	51
21	21
48	48
83	83
1473	1473
524	524
37	37
23	23
14	14
42	42
1097	1097
1244	1244
761	761
719	719
960	960
864	864
1214	1214
11	11
28	28
2856	2856
1244	1244
747	747
943	943
20	20
13	13
453	453
25	25
735	735
10	10
42	42
1295	1295
15	15
1686	1686
216	216
914	914
57	57
49	49
506	506
10	10
10	10
2217	2217
526	526
339	339
565	565
454	454
282	282
21	21
856	856
30	30
1395	1395
441	441
331	331
523	523
25	25
9	9
15	15
13	13
915	915
1397	1397
58	58
619	619
1692	1692
930	930
279	279
10	10
641	641
235	235
79	79
125	125
663	663
575	575
121	121
193	193
243	243
311	311
304	304
22	22
29	29
46	46
104	104
60	60
12	12
86	86
82	82
204	204
193	193
14	14
196	196
11	11
16	16
790	790
1066	1066
1111	1111
476	476
402	402
1002	1002
9	9
2293	2293
2278	2278
1437	1437
1076	1076
41	41
1775	1775
529	529
1114	1114
2521	2521
1091	1091
356	356
463	463
1239	1239
679	679
10	10
856	856
10	10
9	9
338	338
12	12
10	10
350	350
618	618
178	178
1121	1121
15	15
14	14
1244	1244
20	20
1311	1311
1735	1735
2303	2303
11	11
14	14
233	233
349	349
791	791
551	551
447	447
259	259
1595	1595
2985	2985
12	12
16	16
2849	2849
1342	1342
9	9
1983	1983
2135	2135
693	693
15	15
13	13
16	16
10	10
9	9
13	13
33	33
1240	1240
10	10
25	25
55	55
16	16
10	10
9	9
697	697
20	20
1811	1811
9	9
376	376
104	104
226	226
659	659
630	630
95	95
9	9
74	74
711	711
519	519
1294	1294
1296	1296
17	17
50	50
1116	1116
14	14
1811	1811
292	292
1026	1026
959	959
598	598
2395	2395
568	568
13	13
38	38
1697	1697
509	509
99	99
20	20
544	544
11	11
1049	1049
556	556
634	634
16	16
1248	1248
10	10
9	9
659	659
119	119
1089	1089
1955	1955
17	17
12	12
9	9
21	21
26	26
493	493
15	15
11	11
44	44
58	58
14	14
17	17
30	30
605	605
1059	1059
626	626
1014	1014
1028	1028
392	392
725	725
399	399
747	747
422	422
254	254
12	12
24	24
14	14
11	11
1953	1953
11	11
1452	1452
444	444
35	35
85	85
18	18
20	20
11	11
10	10
10	10
1003	1003
12	12
2191	2191
570	570
572	572
2011	2011
1354	1354
996	996
0	63
619	632
10	10
404	404
1026	1026
832	832
1	62
14	14
762	762
1140	1140
1509	1509
681	681
207	207
259	259
2614	2614
848	848
892	892
0	80
232	232
9	9
702	702
24	24
10	10
390	390
557	557
990	990
10	10
355	355
190	190
11	11
11	11
206	206
16	16
71	71
9	9
34	34
64	64
10	10
404	404
11	11
985	985
9	9
11	11
25	25
853	853
36	36
11	11
651	651
1046	1046
1051	1051
1018	1018
1233	1233
434	434
2010	2010
882	882
177	177
981	981
1042	1042
10	10
726	726
2369	2369
1072	1072
911	911
13	13
126	126
143	143
668	668
11	11
768	768
288	288
1366	1366
16	16
19	19
11	11
21	21
591	591
603	603
923	923
319	319
308	308
620	620
449	449
616	616
581	581
831	831
10	10
409	409
564	564
19	19
992	992
285	285
924	924
10	10
838	838
1674	1674
735	735
356	356
10	10
1147	1147
608	608
1016	1016
1044	1044
2	94
428	428
144	144
38	38
9	9
10	10
264	264
1619	1619
1042	1042
54	54
1199	1199
1146	1146
355	355
17	17
14	14
20	20
9	9
490	490
1869	1869
847	847
18	18
14	14
10	10
1007	1007
9	9
372	372
1554	1554
1153	1153
910	910
754	754
1	44
964	964
941	941
10	10
9	9
10	10
646	646
974	974
21	21
24	24
25	25
13	13
1495	1495
11	11
223	223
2781	2781
451	451
1219	1219
1025	1025
979	979
924	924
428	428
419	419
245	245
256	256
41	41
12	12
19	19
10	10
19	19
1150	1150
12	12
15	15
495	495
904	904
20	20
2492	2492
13	13
860	860
144	144
16	16
15	15
11	11
310	310
56	56
263	263
562	562
185	185
679	679
783	783
362	362
10	10
14	14
304	304
851	851
11	11
108	108
10	10
3375	3375
1527	1527
560	560
665	665
563	563
2137	2137
1119	1119
1377	1377
934	934
1258	1258
229	229
1023	1023
10	10
301	301
11	11
9	9
12	12
1231	1231
18	18
45	45
32	32
16	16
9	9
1457	1457
830	830
1034	1034
853	853
11	11
1123	1123
529	529
21	21
629	629
40	40
15	15
11	11
25	25
9	9
1052	1052
18	18
12	12
69	69
10	10
1015	1015
61	61
12	12
542	542
467	467
840	840
644	644
368	368
30	30
34	34
17	17
99	99
480	480
360	360
697	697
520	520
237	237
11	11
454	454
746	746
1337	1337
439	439
14	14
1191	1191
11	11
501	501
694	694
909	909
1699	1699
804	804
551	551
198	198
889	889
1	55
251	251
645	645
661	661
391	391
614	614
762	762
484	484
579	579
908	908
301	301
601	601
466	466
416	416
629	629
986	986
57	57
606	606
690	690
521	521
664	664
555	555
529	529
9	9
1755	1755
952	952
765	765
375	375
9	9
50	50
9	9
34	34
13	13
14	14
1835	1835
2316	2316
2948	2948
2124	2124
437	447
0	19
588	588
10	10
1659	1659
1140	1140
781	781
416	416
1764	1764
1593	1593
107	107
0	75
508	508
433	447
0	44
0	75
0	69
13	13
10	10
1110	1110
1162	1162
817	817
331	331
642	642
770	770
11	11
1164	1164
411	411
444	444
534	534
744	744
11	11
418	418
476	476
1418	1418
1025	1025
1166	1166
10	10
1248	1248
764	764
1088	1088
755	755
1105	1105
618	618
617	617
1566	1566
773	773
1235	1235
436	436
1524	1524
524	524
443	443
168	168
102	102
1524	1524
72	72
1186	1186
1248	1248
350	350
89	89
180	180
16	16
13	13
9	9
609	609
9	9
11	11
11	11
118	118
15	15
17	17
10	10
1079	1079
0	92
10	11
9	9
25	25
1117	1117
566	566
9	9
476	476
470	472
0	85
23	23
10	10
11	11
0	49
129	129
48	48
439	439
14	14
27	27
15	15
28	28
11	11
1445	1445
1394	1394
14	14
9	9
554	554
18	18
172	172
425	425
341	341
256	256
1307	1307
478	478
924	924
760	760
535	535
188	188
63	63
128	128
141	141
104	104
479	479
696	696
111	111
12	12
101	101
239	239
470	470
147	147
377	377
178	178
444	444
65	65
38	38
407	407
91	91
118	118
130	130
42	42
40	40
620	620
19	19
47	47
18	18
25	25
27	27
27	27
25	25
89	89
80	80
237	237
46	46
21	21
802	802
597	597
1708	1708
630	630
1629	1629
264	264
269	269
15	15
104	104
98	98
1313	1313
48	48
28	28
12	12
14	14
10	10
9	9
18	18
37	37
1117	1117
2343	2343
2114	2114
1785	1785
995	995
86	86
1933	1933
1959	1959
2132	2132
1266	1266
21	21
12	12
1	98
1748	1748
1506	1506
31	31
1573	1573
12	12
2264	2264
39	39
16	16
105	105
100	100
21	21
9	9
37	37
101	101
11	11
27	27
9	9
411	411
14	14
31	31
26	26
9	9
13	13
38	38
475	475
9	9
1194	1194
1270	1270
2173	2173
9	9
456	456
12	12
20	20
1578	1578
10	10
1238	1238
2067	2067
426	426
70	70
9	9
1250	1250
23	23
161	161
781	781
20	20
12	12
24	24
10	10
15	15
190	190
1102	1102
20	20
0	42
408	408
302	302
18	18
14	14
43	43
23	23
9	9
698	698
292	292
594	594
11	11
46	46
20	20
12	12
10	10
23	23
12	12
11	11
16	16
682	682
13	13
502	502
12	12
15	15
21	21
11	11
27	27
10	10
21	21
9	9
15	15
16	16
39	39
10	10
10	10
1790	1790
22	22
924	924
0	50
22	22
179	179
994	994
720	720
579	579
11	11
1466	1466
10	10
10	10
192	192
493	493
594	594
186	186
1320	1320
1278	1278
515	515
17	17
12	12
103	103
34	34
37	37
11	11
967	967
481	481
24	24
27	27
1059	1059
14	14
12	12
734	734
10	10
12	12
10	10
12	12
9	9
727	727
12	12
11	11
185	185
891	891
18	18
13	13
11	11
21	21
18	18
20	20
24	24
538	538
480	480
529	529
17	17
890	890
14	14
9	9
136	136
12	12
9	9
344	344
9	9
1676	1676
46	46
617	617
1508	1508
13	13
971	971
891	891
879	879
43	43
27	27
10	10
997	997
25	25
23	23
15	15
9	9
28	28
923	923
102	102
14	14
10	10
118	118
747	747
796	796
942	942
528	528
12	12
153	153
700	700
13	13
48	48
672	672
267	267
18	18
1273	1273
2013	2013
2103	2103
371	371
18	18
14	14
1525	1525
1170	1170
808	808
551	551
868	868
112	112
656	656
391	391
1540	1540
1382	1382
725	725
327	327
237	237
695	695
763	763
526	526
1049	1049
497	497
702	702
10	10
17	17
9	9
32	32
15	15
662	662
796	796
1642	1642
1562	1562
1293	1293
1202	1202
2053	2053
1947	1947
1030	1030
2552	2552
3348	3348
1812	1812
585	585
455	455
432	432
1267	1267
373	373
15	15
460	460
866	866
282	282
695	695
395	395
338	338
531	531
561	561
297	297
9	9
560	560
603	603
374	374
35	35
9	9
1617	1617
553	553
586	586
258	258
595	595
18	18
623	623
361	361
699	699
598	598
622	622
14	14
112	112
93	93
303	303
967	967
655	655
456	456
734	734
783	783
818	818
866	866
853	853
0	96
1513	1513
1142	1142
1144	1144
0	19
317	316
613	613
164	164
14	14
679	662
17	17
1	98
1302	1302
12	12
747	747
0	65
12	12
1030	1030
494	494
729	729
749	749
689	689
570	570
0	84
875	875
749	749
14	14
11	11
10	10
87	87
13	13
2869	2869
1451	1451
22	22
867	867
1165	1165
874	874
0	88
9	9
11	11
9	9
1607	1607
1941	1941
2249	2249
15	15
14	14
115	115
15	15
11	11
625	625
688	688
872	872
172	172
1066	1066
1055	1055
1045	1045
560	560
21	21
1165	1165
1264	1264
37	37
12	12
10	10
12	12
9	9
2179	2179
13	13
973	973
1201	1201
16	16
9	9
11	11
1337	1337
1770	1770
256	256
2021	2021
2257	2257
2000	2000
2208	2208
2071	2071
1416	1416
65	65
1570	1570
1708	1708
937	937
1758	1758
9	9
875	875
457	457
362	362
690	690
324	324
20	20
52	52
10	10
955	955
18	18
1602	1602
17	17
1599	1599
861	861
1889	1889
1258	1258
591	591
785	785
33	33
207	207
758	758
1265	1265
355	355
1838	1838
1838	1838
743	743
73	73
9	9
1460	1460
22	22
726	726
707	707
475	475
513	513
462	462
262	262
951	951
0	24
264	277
383	383
194	194
501	501
146	146
38	38
32	32
267	267
555	555
389	389
508	508
443	443
0	20
9	9
0	35
617	617
0	62
0	72
111	111
37	37
1090	1090
975	975
0	67
371	371
382	382
9	9
448	448
697	697
706	706
646	646
359	359
0	55
0	41
1582	1586
897	899
20	20
0	36
1283	1283
0	24
957	957
223	223
472	472
9	9
269	269
24	24
628	628
533	533
522	522
482	482
482	482
492	492
380	380
49	49
9	9
347	347
277	277
586	586
2173	2173
877	877
187	187
18	18
423	423
136	136
1232	1232
119	119
840	840
11	11
18	18
36	36
11	11
29	29
24	24
490	490
862	862
472	472
16	16
27	27
1124	1124
190	190
12	12
409	409
351	351
284	284
19	19
15	15
475	475
2348	2348
1225	1225
9	9
702	702
12	12
15	15
21	21
25	25
458	458
517	517
41	41
13	13
22	22
18	18
1035	1035
727	727
263	263
728	728
848	848
220	220
396	396
15	15
10	10
612	612
412	412
10	10
415	415
9	9
269	269
361	361
462	462
669	669
842	842
10	10
929	929
9	9
2608	2608
454	454
604	604
468	468
10	10
11	11
9	9
17	17
84	84
250	250
99	99
285	285
219	219
332	332
233	233
256	256
333	333
470	470
293	293
478	478
282	282
9	9
256	256
527	527
419	419
9	9
17	17
9	9
9	9
38	38
73	73
1005	1005
330	330
304	304
701	701
293	293
285	285
179	179
113	113
1218	1218
1015	1015
1424	1424
14	14
46	46
75	75
82	82
1864	1864
51	51
92	92
9	9
11	11
183	183
181	181
9	9
271	271
603	603
513	513
220	220
442	442
428	428
9	9
848	848
915	915
19	19
1261	1261
895	895
31	31
10	10
511	511
239	239
998	998
97	97
14	14
74	74
17	17
438	438
32	32
770	770
1074	1074
427	427
767	767
1567	1567
1879	1879
792	792
148	148
13	13
14	14
13	13
13	13
25	25
11	11
24	24
17	17
586	586
851	851
277	277
9	9
917	917
515	515
420	420
397	397
640	640
440	440
1354	1354
1357	1357
874	874
297	297
1008	1008
1098	1098
947	947
705	705
401	401
428	428
667	667
465	465
43	43
1098	1098
632	632
9	9
10	10
9	9
1856	1856
9	9
413	413
15	15
128	128
267	267
1092	1092
52	52
46	46
30	30
1387	1387
1149	1149
595	595
11	11
10	10
688	688
202	202
1211	1211
230	230
14	14
9	9
1047	1047
11	11
9	9
296	296
867	867
12	12
375	375
455	455
558	558
9	9
9	9
916	916
310	310
308	308
321	321
10	10
19	19
877	877
527	527
364	364
1062	1062
9	9
10	10
1796	1796
913	913
1652	1652
14	14
9	9
14	14
9	9
9	9
765	765
721	721
827	827
774	774
9	9
10	10
11	11
437	437
9	9
18	18
347	347
15	15
9	9
13	13
26	26
9	9
11	11
403	403
288	288
336	336
441	441
652	652
99	99
398	398
465	465
1379	1379
1399	1399
2018	2018
2801	2801
600	600
456	456
12	12
1639	1639
243	243
326	326
396	396
336	336
725	725
572	572
9	9
15	15
20	20
1429	1429
13	13
289	289
1200	1200
1089	1089
1008	1008
600	600
27	27
411	411
674	674
20	20
9	9
461	461
394	394
938	938
1057	1057
788	788
775	775
467	467
733	733
1533	1533
1505	1505
1740	1740
11	11
188	188
12	12
0	10
2231	2231
1247	1247
330	330
308	308
0	95
745	756
373	373
1846	1846
1470	1470
1103	1103
1413	1413
698	698
17	17
2195	2195
12	12
19	19
20	20
813	813
601	601
552	552
473	473
378	378
583	583
573	573
330	330
397	397
378	378
407	407
650	650
716	716
802	802
808	808
968	968
714	714
1470	1470
1288	1288
1241	1241
474	474
976	976
1122	1122
476	476
973	973
728	728
332	332
12	12
907	907
571	571
45	45
19	19
2307	2307
1303	1303
896	896
12	12
1718	1718
1398	1398
807	807
820	820
696	696
802	802
823	823
10	10
1599	1599
568	568
10	10
751	751
749	749
14	14
10	10
10	10
620	620
763	763
14	14
20	20
13	13
456	456
488	488
336	336
291	291
693	693
662	662
0	31
2181	2181
1305	1305
1781	1781
1805	1805
21	21
590	590
360	360
927	927
25	25
618	618
495	495
801	801
447	447
13	13
20	20
9	9
15	15
11	11
1746	1746
2262	2262
11	11
15	15
28	28
1158	1158
178	178
554	554
735	735
68	68
35	35
22	22
1186	1186
157	157
553	553
598	598
18	18
89	89
12	12
404	404
1969	1969
914	914
903	903
21	21
297	297
600	600
11	11
20	20
2199	2199
1577	1577
1545	1545
234	234
319	319
604	604
1382	1382
109	109
23	23
171	171
731	731
342	342
478	478
409	409
572	572
356	356
210	210
0	82
511	511
1111	1111
1391	1391
1495	1495
1966	1966
901	901
86	86
25	25
28	28
20	20
39	39
29	29
372	372
405	405
439	439
429	429
1649	1649
1466	1466
338	338
896	896
627	627
369	369
381	381
1148	1148
1089	1089
1246	1246
150	150
310	310
482	482
281	281
25	25
1120	1120
14	14
16	16
12	12
442	442
440	440
13	13
9	9
2548	2548
9	9
2127	2127
1230	1230
811	811
1012	1012
42	42
28	28
0	76
0	45
1215	1248
27	27
22	22
688	688
640	640
2094	2094
2091	2091
14	14
1240	1240
551	551
1372	1372
1437	1437
36	36
325	325
300	300
10	10
37	37
56	56
10	10
179	179
963	963
522	522
581	581
58	58
361	361
899	899
1487	1487
1593	1593
879	879
578	578
323	323
145	145
353	353
658	658
2416	2416
936	936
832	832
332	332
840	840
340	340
575	575
194	194
642	642
109	109
481	481
527	527
493	493
11	11
377	377
15	15
302	302
15	15
15	15
14	14
292	292
970	970
197	197
429	429
832	832
617	617
14	14
234	234
492	492
223	223
787	787
1322	1322
1309	1309
252	252
258	258
654	654
326	326
12	12
585	585
30	30
33	33
1060	1060
684	684
9	9
254	268
0	26
314	314
510	510
158	158
1047	1047
807	807
893	893
238	238
620	620
1336	1336
487	487
696	696
2677	2677
2534	2534
2271	2271
12	12
846	846
434	434
63	63
49	49
494	494
371	371
16	16
11	11
35	35
435	435
0	29
562	579
509	509
749	749
720	720
218	218
176	176
550	550
554	554
397	397
35	35
516	516
759	759
52	52
102	102
196	196
0	57
1332	1332
1887	1887
14	14
971	971
760	760
9	9
507	507
2415	2415
99	99
42	42
923	923
9	9
500	500
0	78
13	13
24	24
13	13
11	11
16	16
14	14
900	900
15	15
29	29
1025	1025
9	9
1040	1040
757	757
928	928
362	362
365	365
362	362
343	343
1852	1852
105	105
1018	1018
698	698
16	16
9	9
10	10
390	390
10	10
494	494
856	856
1232	1232
225	225
565	565
498	498
253	253
678	678
17	17
10	10
593	593
564	564
585	585
603	603
1608	1608
223	223
257	257
1196	1196
237	237
79	79
170	170
818	818
704	704
10	10
1008	1008
1052	1052
995	995
852	852
699	699
1559	1559
29	29
496	496
365	365
19	19
10	10
1510	1510
19	19
858	858
10	10
548	548
12	12
18	18
562	562
1410	1410
1316	1316
1355	1355
2138	2138
1858	1858
12	12
9	9
293	293
0	79
1	90
10	9
451	451
1304	1304
926	926
625	625
11	11
723	723
990	990
238	238
1217	1217
28	28
26	26
804	804
632	632
13	13
1724	1724
1284	1284
610	610
700	700
266	266
266	266
44	44
390	390
680	680
808	808
163	163
24	24
575	575
502	502
1118	1118
159	159
1122	1122
11	11
1582	1582
10	10
295	295
702	702
15	15
0	39
717	717
1411	1411
1250	1250
23	23
0	98
0	87
1828	1828
2875	2875
390	390
16	16
938	938
1950	1950
83	83
89	89
1466	1466
692	692
763	763
724	724
48	48
16	16
54	54
1358	1358
13	13
35	35
13	13
37	37
13	13
20	20
1	96
11	11
14	14
9	9
709	709
1420	1420
1623	1623
12	12
12	12
726	726
663	663
14	14
29	29
16	16
23	23
12	12
13	13
10	10
9	9
9	9
353	353
13	13
10	10
9	9
10	10
10	10
14	14
16	16
17	17
1115	1115
30	30
29	29
37	37
11	11
9	9
10	10
15	15
1683	1683
14	14
10	10
11	11
10	10
38	38
13	13
20	20
960	960
127	127
1269	1269
1704	1704
377	377
95	95
1194	1194
1116	1116
1260	1260
18	18
778	778
26	26
27	27
2022	2022
1036	1036
1206	1206
2205	2205
1300	1300
1544	1544
1654	1654
287	287
21	21
11	11
17	17
523	523
9	9
10	10
13	13
14	14
19	19
54	54
21	21
43	43
12	12
11	11
11	11
65	65
21	21
736	736
36	36
43	43
14	14
9	9
14	14
27	27
28	28
11	11
11	11
12	12
408	408
1559	1559
9	9
34	34
14	14
10	10
740	740
74	74
9	9
19	19
9	9
910	910
181	181
71	71
1192	1192
22	22
15	15
1588	1588
1499	1499
60	60
17	17
21	21
82	82
713	713
91	91
12	12
1693	1693
952	952
1641	1641
25	25
11	11
326	326
9	9
18	18
1261	1261
9	9
55	55
17	17
49	49
104	104
14	14
53	53
18	18
9	9
143	143
195	195
59	59
17	17
19	19
126	126
431	431
13	13
523	523
293	293
12	12
1097	1097
36	36
9	9
431	431
815	815
295	295
10	10
534	534
326	326
1754	1754
38	38
756	756
605	605
415	415
1106	1106
260	260
2014	2014
778	778
1399	1399
230	230
23	23
319	319
