DP_locus.normal	DP_locus.vaf5
2063	2061
567	567
393	393
114	114
2057	1998
1728	1728
559	559
1738	1738
45	45
2038	2038
1531	1531
1851	1851
575	575
2559	2559
2795	2795
2573	2573
1318	1318
1318	1318
1405	1405
1626	1626
1497	1497
1188	1188
1361	1361
1099	1099
1056	1055
1886	1886
1000	1000
817	817
92	92
666	666
2008	2008
2539	2539
733	733
962	962
901	901
58	58
773	773
1252	1252
1189	1189
765	765
2370	2370
2170	2170
869	869
982	982
1015	1015
2818	2818
724	724
1345	1345
2329	2329
754	754
1734	1734
1119	1119
611	611
1116	1116
1116	1116
1266	1266
1173	1173
1280	1280
1198	1198
1758	1757
737	737
1191	1191
1351	1351
1659	1659
1359	1359
1659	1659
2091	2091
497	497
930	930
992	992
1915	1915
1853	1853
1402	1402
2914	2914
2136	2136
2404	2404
1642	1642
1609	1609
2439	2439
2799	2799
1982	1982
1982	1982
1196	1196
1135	1135
654	654
2486	2486
2935	2935
544	544
568	568
1766	1766
651	651
1219	1219
1592	1592
674	674
582	582
1048	1048
2194	2194
840	840
809	809
309	309
624	624
984	984
920	920
387	387
1116	1116
172	172
1540	1539
1362	1362
1706	1706
965	965
965	965
1113	1113
947	947
971	971
1709	1709
2221	2221
1400	1400
1035	1035
898	898
106	106
841	841
2810	2810
1520	1520
1520	1520
1719	1719
1797	1797
1061	1061
894	894
986	986
1737	1737
1787	1787
1612	1612
1673	1673
2007	2007
1428	1428
1428	1428
1188	1188
1225	1225
960	960
994	994
655	655
1764	1764
1515	1515
1459	1459
732	732
664	664
2094	2094
700	700
1047	1047
527	527
679	679
968	968
1472	1472
747	747
1158	1158
1570	1570
2543	2543
1963	1963
1510	1510
1748	1748
1670	1670
988	988
1179	1179
975	975
1923	1923
1769	1769
2038	2038
1433	1433
1522	1522
958	958
900	900
1761	1761
1558	1558
619	619
439	439
154	154
1885	1885
240	240
1297	1297
913	913
1072	1072
936	936
1167	1167
341	341
509	509
384	384
1327	1327
566	566
696	696
598	598
1669	1669
1902	1902
423	423
1978	1978
718	718
880	880
1004	1004
1304	1304
1731	1731
2048	2048
2048	2048
906	906
186	186
186	186
186	186
1017	1017
1641	1641
2033	2033
2052	2052
1739	1739
1581	1581
1258	1258
1392	1392
1653	1653
1653	1653
1187	1187
2026	2026
993	993
1639	1639
1639	1639
932	932
1891	1891
1192	1192
1565	1565
968	968
2373	2373
2294	2294
1027	1027
570	570
2765	2765
615	615
1781	1781
967	967
777	777
1250	1250
657	657
433	433
974	974
974	974
974	974
974	974
974	974
646	646
1169	1169
1569	1569
691	691
708	708
708	708
1373	1373
3070	3070
2576	2576
2576	2576
1669	1669
628	628
545	545
429	429
2771	2771
3160	3160
3250	3250
1488	1488
2379	2379
1176	1176
586	586
563	563
563	563
738	738
449	449
329	329
1660	1660
966	966
1006	1006
894	894
944	944
2005	2005
1207	1207
1859	1859
1810	1810
1489	1489
1477	1477
2159	2159
1443	1443
706	706
865	865
1120	1120
885	885
548	548
994	994
2353	2353
1873	1873
1368	1368
1078	1078
829	829
1046	1046
2446	2446
1049	1049
1049	1049
1728	1728
1741	1741
1821	1821
533	533
1977	1977
3412	3412
1316	1316
2004	2004
976	976
999	999
1248	1248
1552	1552
1322	1322
1666	1666
736	736
2227	2227
2227	2227
1881	1881
1768	1768
1614	1614
697	697
1537	1537
1784	1784
740	740
816	816
114	114
115	115
4417	4417
2082	2082
291	291
3239	3239
3073	3073
2321	2321
2780	2780
11472	11472
13109	13109
10746	10746
8023	8023
7561	7561
9891	9891
8636	8636
6439	6439
5967	5967
5484	5484
1603	1603
1411	1411
1308	1308
539	539
783	783
957	957
1232	1232
1827	1827
1171	1171
1464	1464
1427	1427
512	512
512	512
28	28
115	115
818	818
867	867
609	609
1627	1627
645	645
1012	1012
1092	1092
679	679
2233	2233
2002	2002
2002	2002
2991	2991
2691	2691
2136	2136
2289	2289
1155	1155
2198	2198
1951	1951
1595	1595
820	820
770	770
272	272
272	272
272	272
2164	2164
143	143
143	143
1138	1138
1561	1561
1561	1561
2238	2238
2189	2189
2143	2143
1966	1966
1755	1755
2121	2121
1431	1431
1340	1340
5663	5663
4617	4617
4474	4474
571	571
125	125
221	221
469	469
971	971
1815	1815
1893	1893
1936	1936
2018	2018
1855	1855
2163	2163
4437	4437
4152	4152
4559	4559
2837	2837
764	764
24	24
5339	5339
10391	10391
13304	13304
12040	12040
13380	13380
4820	4820
4192	4192
4197	4197
4636	4636
4851	4851
2986	2986
1677	1677
6341	6341
5185	5185
4554	4554
4163	4163
4269	4269
4887	4887
5975	5975
5928	5928
5313	5313
5904	5904
6533	6533
5913	5913
5905	5905
6009	6009
5707	5707
5503	5503
5475	5475
4779	4779
4820	4820
4426	4426
5052	5052
6210	6210
5373	5373
4006	4006
3744	3744
4808	4808
4475	4475
4448	4448
4527	4527
4255	4255
4743	4743
4904	4904
5232	5232
3926	3926
4623	4623
4339	4339
4913	4913
4623	4623
4172	4172
4305	4305
3956	3956
4232	4232
4063	4063
2640	2640
676	676
1049	1049
1049	1049
896	896
1014	1014
2477	2477
1087	1087
1604	1604
1689	1689
1376	1376
203	203
736	736
1317	1317
1261	1261
1261	1261
1142	1142
1079	1079
2244	2244
2540	2540
2540	2540
652	652
652	652
652	652
652	652
652	652
1118	1118
2589	2589
2662	2662
2312	2312
1849	1849
3429	3429
1274	1274
2998	2998
2292	2292
1332	1332
1028	1028
937	937
841	841
1328	1328
839	839
408	408
524	524
471	471
1187	1187
1515	1515
768	768
919	919
1052	1052
1356	1356
1127	1127
341	341
1536	1536
1823	1823
1656	1656
1336	1336
986	986
944	944
1171	1171
342	342
901	901
799	799
772	772
365	365
392	392
1021	1021
177	177
975	975
1080	1080
1290	1290
2121	2121
1824	1824
2172	2172
470	470
470	470
470	470
470	470
1183	1183
417	417
417	417
1261	1261
1550	1550
2287	2287
658	658
1007	1007
1497	1497
1094	1094
1094	1094
1738	1738
855	855
1808	1808
1760	1760
1706	1706
1420	1420
1230	1230
1656	1656
2083	2083
164	164
1785	1785
917	917
917	917
1095	1095
1546	1546
1546	1546
1406	1406
1053	1053
348	348
1118	1118
1067	1067
1886	1886
2439	2439
1329	1329
474	474
639	639
827	827
1411	1411
1696	1696
1120	1120
1385	1385
888	888
821	821
1083	1083
1116	1116
555	555
661	661
834	834
2287	2287
1444	1444
804	804
1241	1241
1419	1419
1437	1437
1147	1147
1269	1269
553	553
865	865
1316	1316
1729	1729
1319	1319
2375	2375
1794	1794
1161	1161
1161	1161
1490	1490
1773	1773
1517	1517
2521	2521
1995	1995
698	698
1355	1355
1158	1158
2032	2032
2404	2404
2241	2241
1304	1304
938	938
597	597
520	520
544	544
1079	1079
952	952
899	899
1690	1690
1229	1229
869	869
1452	1452
1770	1770
1608	1608
645	645
1002	1002
1297	1297
1680	1680
1151	1151
1043	1043
721	721
1953	1953
1699	1699
2076	2076
2995	2995
2918	2918
2378	2378
940	940
939	939
1923	1923
1406	1406
1186	1186
2000	2000
1999	1999
995	995
1412	1412
1315	1315
1607	1607
1730	1730
1528	1528
1323	1323
1482	1482
340	340
602	602
427	427
893	893
919	919
456	456
403	403
771	771
972	972
434	434
1676	1676
1686	1686
1284	1284
1824	1824
1912	1912
1073	1073
466	466
2243	2243
548	548
1723	1723
890	890
1819	1819
1517	1517
1198	1198
1587	1587
1556	1556
1072	1072
1568	1568
1089	1089
1288	1288
1109	1109
846	846
1227	1227
1685	1685
951	951
141	141
802	802
920	920
871	871
2231	2231
2231	2231
362	362
362	362
362	362
362	362
511	511
1377	1377
1180	1180
1885	1885
962	962
323	323
183	183
404	404
1631	1631
1817	1817
1686	1686
3550	3550
2199	2199
1470	1470
1786	1786
1854	1854
2060	2060
780	780
1798	1798
2797	2797
1517	1517
1280	1280
1064	1064
1443	1443
1516	1516
657	657
853	853
761	761
1848	1848
248	248
1131	1131
1908	1908
1988	1988
1815	1815
1212	1212
2164	2164
1647	1647
2249	2249
1437	1437
1437	1437
1259	1259
1259	1259
1259	1259
976	976
976	976
1954	1954
1432	1432
1274	1274
2291	2291
1989	1989
1168	1168
1513	1513
1612	1612
1986	1986
1526	1526
2200	2200
1328	1328
1538	1538
1997	1997
1815	1815
1815	1815
1815	1815
1583	1583
711	711
1586	1621
1758	1759
443	443
2077	2077
2711	2711
915	915
773	773
773	773
773	773
3216	3216
3265	3265
2727	2727
2187	2187
3052	3052
1778	1778
1796	1796
1444	1444
1106	1106
745	745
1394	1394
1579	1579
1481	1481
1662	1662
957	957
553	553
1850	1850
1520	1520
496	496
1594	1594
2391	2391
1712	1712
636	636
2627	2627
938	938
935	935
1513	1513
1871	1871
979	979
2072	2072
269	269
1342	1342
1342	1342
2532	2532
1370	1370
950	950
2686	2686
2686	2686
2356	2356
1054	1054
2592	2592
2152	2152
1870	1870
1839	1839
1193	1193
1193	1193
1229	1229
1229	1229
1082	1082
1224	1224
1052	1052
1829	1829
1194	1194
1437	1437
687	687
2090	2090
2567	2567
855	855
849	849
1501	1501
239	239
1041	1041
1862	1862
804	804
804	804
1511	1511
495	495
1108	1108
1176	1176
1788	1788
465	465
335	335
417	417
647	647
422	422
2452	2452
2335	2335
1544	1544
594	594
2728	2728
3578	3578
1319	1319
945	945
1447	1447
1634	1634
643	643
1182	1182
1182	1182
2668	2668
1335	1335
1554	1554
700	700
700	700
1956	1956
1848	1848
1045	1045
1389	1389
1320	1320
1320	1320
1639	1639
787	787
682	682
1588	1588
1402	1402
2469	2469
2226	2226
118	118
178	178
828	828
1081	1081
427	427
427	427
883	883
1689	1689
1397	1397
2204	2204
2271	2271
1802	1802
2255	2255
1271	1271
1369	1369
382	382
541	541
1330	1330
924	924
963	963
1002	1002
817	817
1320	1320
1689	1689
1271	1271
2225	2225
2626	2626
1175	1175
708	708
1018	1018
1332	1332
1212	1212
1264	1264
1568	1568
1664	1664
1320	1320
1460	1460
1928	1928
1659	1659
1957	1957
2117	2117
1906	1906
1783	1783
859	859
908	908
731	731
1154	1154
1747	1747
1077	1077
1097	1097
1150	1150
2077	2077
656	656
758	758
705	705
736	736
1750	1750
1434	1434
1235	1235
1880	1880
212	212
1712	1712
1712	1712
1440	1440
1273	1273
1427	1427
1404	1404
1811	1811
1434	1434
1146	1146
909	909
1745	1745
591	591
591	591
396	396
365	365
928	928
652	652
1341	1341
1341	1341
1223	1223
2023	2023
1293	1293
3417	3417
957	957
1631	1631
1322	1322
1571	1571
1084	1084
2225	2225
1448	1448
819	819
1107	1107
692	692
692	692
692	692
1465	1465
1245	1245
323	323
1013	1013
893	893
1111	1111
1198	1198
1855	1855
750	750
1025	1025
1161	1161
180	180
2191	2191
935	935
449	449
1185	1185
1360	1360
976	976
789	789
2075	2075
950	950
526	526
1597	1597
1597	1597
1989	1989
1237	1237
1655	1655
1711	1711
859	859
1360	1360
1319	1319
1319	1319
1957	1957
1960	1960
2320	2320
1124	1124
1078	1078
586	586
994	994
994	994
1332	1332
1730	1730
1419	1419
1267	1267
1267	1267
1267	1267
962	962
2282	2282
1211	1211
1513	1513
748	748
2154	2154
991	991
644	644
1687	1687
1427	1427
1474	1474
1666	1666
1041	1041
357	357
357	357
357	357
1733	1733
1108	1108
1060	1060
1117	1117
14	14
2044	2044
1695	1695
943	943
1419	1419
1157	1157
1519	1519
565	565
349	349
1842	1842
990	990
990	990
646	646
1386	1386
2260	2260
1132	1132
567	567
567	567
956	956
956	956
956	956
956	956
1775	1775
2401	2401
1460	1460
1303	1303
794	794
1435	1435
2580	2580
1902	1902
1902	1902
2067	2067
2574	2574
2033	2033
2362	2362
1081	1081
1175	1175
1046	1046
1046	1046
1149	1149
796	796
950	950
2106	2105
1553	1550
460	460
810	810
764	764
764	764
764	764
1614	1614
800	800
945	945
961	961
961	961
961	961
872	872
575	575
575	575
575	575
575	575
1962	1962
2019	2019
1888	1888
2565	2565
2528	2528
1356	1356
1676	1676
1665	1665
1680	1680
1452	1452
795	795
1109	1109
2162	2162
1371	1371
1786	1786
1888	1888
1888	1888
905	905
932	932
897	897
922	922
1568	1568
1577	1577
922	922
1057	1057
1057	1057
1318	1318
2355	2355
855	855
714	714
607	607
1147	1147
738	738
738	738
1957	1957
2129	2129
1278	1278
1278	1278
1346	1346
1712	1712
1888	1888
1924	1924
500	500
650	650
1152	1152
873	873
478	478
843	843
843	843
685	685
2243	2243
940	940
919	919
741	741
3377	3377
2878	2878
266	266
1727	1727
849	849
1348	1348
1722	1722
360	360
610	610
960	960
659	659
1254	1254
833	833
1521	1521
2040	2040
1617	1617
1155	1155
2007	2004
1095	1095
2276	2276
2147	2147
832	832
1360	1360
1270	1270
1223	1223
1090	1090
795	795
1626	1626
805	805
530	530
928	928
1467	1467
1646	1646
1321	1321
2336	2336
2313	2313
3194	3194
870	870
1629	1629
1376	1376
955	955
1470	1470
892	892
1266	1266
1469	1469
875	875
1312	1312
1334	1334
1391	1391
1543	1543
1249	1249
1115	1115
1835	1835
716	716
604	604
1599	1599
128	128
128	128
128	128
952	952
1563	1563
1883	1883
376	376
284	284
655	655
1686	1686
1259	1259
206	206
206	206
206	206
2090	2090
1249	1249
1195	1195
970	970
970	970
788	788
679	679
1837	1837
1498	1498
1641	1641
885	885
976	976
1295	1295
393	393
956	956
1174	1174
1193	1193
974	974
1303	1303
404	404
351	351
1829	1829
1049	1049
1383	1383
1383	1383
1777	1777
1312	1312
529	529
529	529
2456	2456
2456	2456
2092	2092
1356	1356
1377	1377
1757	1757
720	720
1235	1235
1373	1373
1509	1509
1132	1132
1763	1763
1033	1033
1044	1044
326	326
197	197
1042	1042
1180	1180
1180	1180
867	867
2699	2699
1604	1604
2117	2117
1920	1920
2696	2696
1966	1966
2629	2629
2165	2165
2015	2015
1305	1306
1800	1800
1838	1838
1119	1119
930	930
2160	2160
2585	2585
894	911
1012	1011
1334	1334
1629	1629
939	939
941	941
1718	1718
1653	1653
1278	1278
1580	1580
2586	2586
3043	3043
3043	3043
2139	2139
2139	2139
2863	2863
1303	1303
419	419
419	419
419	419
2621	2621
1655	1655
1741	1741
752	752
883	883
883	883
1473	1473
2915	2915
1766	1766
2056	2056
1078	1078
1675	1672
676	676
676	676
1610	1610
1610	1610
1586	1586
2238	2238
1346	1346
1346	1346
1495	1494
1528	1528
1298	1298
1211	1211
135	135
480	480
1673	1673
2204	2204
755	755
671	671
869	869
1174	1174
770	770
1447	1447
971	971
1876	1876
735	735
1557	1557
1965	1965
662	662
625	625
1989	1988
913	913
1560	1560
1841	1841
2038	2038
378	378
378	378
684	684
454	454
1628	1628
1671	1671
1677	1677
1521	1521
1420	1420
1157	1157
1915	1915
1222	1222
1493	1493
936	936
769	769
769	769
1272	1272
1120	1120
1324	1324
1670	1670
1670	1670
1670	1670
1186	1185
1596	1596
1596	1596
1785	1785
1523	1523
981	981
1541	1541
1368	1368
718	718
1503	1503
1417	1417
742	742
1618	1618
1491	1491
1309	1309
783	783
778	778
778	778
1616	1616
1904	1904
2303	2303
1344	1344
1645	1645
722	722
2238	2238
1780	1780
1604	1604
1341	1341
1458	1458
1345	1345
2122	2122
2196	2196
1342	1342
1485	1485
1485	1485
1331	1331
1331	1331
1421	1421
1421	1421
1146	1146
1654	1654
1168	1168
1588	1588
1759	1759
813	813
938	938
983	983
2164	2164
1596	1596
750	750
2154	2154
1979	1979
1275	1275
1017	1017
3041	3041
1157	1157
1844	1844
1977	1977
437	437
437	437
437	437
454	454
876	876
738	738
899	899
647	647
647	647
905	905
643	643
1574	1574
1278	1278
500	500
685	685
1324	1324
1641	1641
1836	1836
748	748
1217	1217
1700	1700
833	833
2493	2493
405	405
3077	3077
1905	1905
898	898
312	312
312	312
312	312
566	566
704	704
1354	1354
2099	2099
158	158
158	158
158	158
158	158
496	496
2805	2805
1301	1301
1633	1633
908	908
1377	1377
1526	1526
1489	1489
1704	1704
1221	1221
1139	1139
1207	1207
1461	1461
2293	2293
3189	3189
1754	1754
1789	1789
1901	1901
1258	1258
458	458
430	430
356	356
356	356
356	356
1212	1212
1212	1212
1297	1297
1434	1434
1490	1490
1774	1774
1774	1774
1774	1774
1167	1167
1571	1571
2451	2451
1385	1385
1724	1724
834	834
1620	1620
1220	1220
1591	1591
510	510
987	987
1261	1261
1507	1507
1872	1872
1345	1345
358	358
358	358
358	358
851	851
569	569
569	569
569	569
569	569
704	704
704	704
704	704
704	704
704	704
704	704
1637	1637
1637	1637
715	715
2568	2568
2604	2604
2538	2538
1766	1766
1766	1766
2609	2609
1807	1807
1941	1941
1520	1520
896	896
1861	1861
1940	1940
1163	1163
1163	1163
1201	1201
1695	1695
2336	2336
810	810
958	958
1141	1141
1216	1216
1862	1862
904	904
1760	1760
2067	2067
789	789
1329	1329
2755	2755
1084	1084
1637	1637
1191	1191
1566	1566
1379	1379
872	872
872	872
909	909
1814	1814
941	941
403	403
403	403
148	148
148	148
623	623
622	622
206	206
1447	1447
1941	1941
1460	1460
2693	2693
1410	1410
1702	1702
1180	1180
1906	1906
2239	2239
1548	1548
745	745
562	562
1646	1646
1307	1307
1307	1307
1582	1582
1059	1059
1678	1678
1074	1074
1074	1074
1245	1245
1244	1244
1423	1423
1171	1171
893	893
772	772
545	545
980	980
1053	1050
748	750
748	750
1916	1916
1820	1820
1038	1038
1038	1038
1889	1889
3262	3262
3266	3266
3496	3496
3262	3262
3398	3398
3572	3572
2255	2255
1909	1909
4039	4039
3583	3583
2896	2896
1891	1891
1552	1552
1347	1347
3871	3871
3443	3443
3035	3035
1154	1154
1280	1280
983	983
1785	1785
471	471
811	811
1113	1113
862	862
255	255
656	656
656	656
656	656
2505	2505
2235	2235
2631	2631
1148	1148
428	428
1832	1830
1272	1274
856	856
829	829
792	792
1272	1272
1272	1272
1272	1272
755	755
2057	2057
1738	1738
1225	1225
1621	1621
1621	1621
1397	1397
2081	2081
2668	2668
2186	2186
1538	1538
2185	2185
1949	1949
1387	1387
836	836
919	919
1241	1241
1669	1669
2474	2474
2215	2215
1010	1010
1062	1062
1686	1686
695	695
555	555
1225	1225
1836	1836
898	898
646	646
2484	2484
602	602
971	971
1246	1246
2095	2095
1463	1463
1268	1268
1422	1422
941	941
1295	1295
2098	2098
1321	1321
1649	1649
2209	2209
1604	1604
1604	1604
1867	1867
1405	1405
1960	1960
1445	1445
2494	2494
1403	1403
1801	1801
1862	1862
1322	1322
2201	2201
3193	3193
2744	2744
2744	2744
2354	2354
759	759
1200	1200
1468	1468
959	959
2716	2716
2142	2142
1059	1059
1246	1246
772	772
1415	1415
1146	1146
758	758
1289	1289
1071	1071
1322	1322
726	726
2127	2127
589	589
895	895
2482	2482
575	575
575	575
1395	1395
1715	1715
1622	1622
1282	1282
1640	1640
1252	1252
1223	1223
1223	1223
1780	1780
582	582
582	582
1309	1309
1073	1073
934	934
1942	1942
756	756
398	398
965	965
1490	1490
1269	1269
613	613
1592	1592
1075	1075
1361	1361
1898	1898
1610	1610
2580	2580
2489	2489
2287	2287
2727	2727
1983	1983
1163	1163
2748	2748
2697	2697
1622	1622
1051	1051
925	925
1403	1403
1498	1498
3264	3264
2382	2382
2268	2268
1295	1295
2758	2758
2798	2798
912	912
1192	1192
1506	1506
1518	1518
837	837
836	836
763	763
1303	1303
1650	1650
1075	1075
1678	1678
970	970
902	902
998	998
801	801
1232	1232
1044	1044
1044	1044
887	887
686	686
432	432
1144	1144
911	911
1585	1585
1298	1298
1489	1489
647	647
1942	1942
2160	2160
1848	1848
1071	1071
1226	1226
1226	1226
756	756
3104	3104
2514	2514
572	572
467	467
467	467
2668	2668
2695	2695
2048	2048
739	739
1023	1023
1971	1971
1931	1931
837	837
2246	2246
392	392
392	392
1909	1909
1333	1333
1328	1328
538	538
538	538
1205	1205
926	926
1186	1186
1714	1714
1490	1490
948	948
1455	1455
1455	1455
1616	1616
1398	1398
2226	2226
1249	1249
1640	1640
1315	1315
1338	1338
1531	1531
1797	1797
2257	2257
2755	2755
2513	2513
1016	1016
1016	1016
966	966
1961	1961
2778	2778
2226	2226
2640	2640
2633	2633
3149	3149
2715	2715
1619	1619
1895	1895
2008	2008
1948	1948
1065	1065
1310	1310
1922	1922
1892	1892
1772	1772
1193	1193
706	706
706	706
2014	2014
126	126
136	136
745	745
723	737
227	227
785	785
874	874
644	644
1046	1046
1449	1449
925	925
925	925
925	925
413	413
737	737
538	538
1096	1096
1024	1024
508	508
724	724
701	701
1277	1277
942	942
942	942
1341	1341
813	810
798	815
851	851
1235	1235
1202	1202
517	517
528	528
972	972
1421	1421
1485	1485
1319	1319
1229	1229
979	979
255	255
255	255
255	255
255	255
1475	1475
773	773
980	980
1023	1023
1488	1488
953	953
154	154
154	154
154	154
154	154
1132	1131
1870	1870
1149	1149
1149	1149
1343	1343
1141	1141
1327	1327
1853	1853
1789	1789
1478	1478
1436	1436
1593	1588
1744	1712
1345	1345
2521	2521
1042	1042
1217	1217
2663	2663
977	977
333	333
1496	1496
1320	1320
908	908
1291	1291
1291	1291
326	326
1055	1055
1285	1285
1285	1285
2581	2581
1532	1532
1766	1766
514	514
1782	1782
601	601
601	601
601	601
1041	1041
369	369
369	369
311	311
2361	2361
2553	2553
2050	2050
2755	2755
1364	1364
1576	1576
1176	1176
1855	1855
1893	1893
902	902
1565	1565
1275	1275
1606	1606
1034	1034
1693	1693
1369	1369
1369	1369
915	915
1996	1996
1400	1400
1988	1988
1091	1091
2382	2382
57	57
1829	1829
1829	1829
1907	1907
1513	1513
2374	2374
2029	2029
3018	3018
1374	1374
767	767
1360	1360
2024	2024
2340	2340
1908	1908
1825	1825
1825	1825
1006	1006
1442	1442
532	532
1271	1271
1334	1334
1633	1633
1826	1826
1190	1190
985	985
94	94
2493	2493
871	871
1357	1357
1619	1619
1048	1048
1307	1307
458	458
459	459
487	487
1166	1166
1620	1620
2035	2035
863	863
1790	1790
1341	1341
684	684
787	787
1194	1194
866	866
779	779
70	70
25	25
47	47
1038	1038
2177	2177
2177	2177
1349	1349
1628	1628
1149	1149
1246	1246
2079	2079
1994	1994
1976	1976
1716	1716
1312	1312
1206	1206
1206	1206
1206	1206
1597	1597
1597	1597
1353	1353
2414	2414
1242	1242
328	328
910	910
1423	1423
1061	1061
1768	1768
1205	1205
1996	1996
2047	2047
2162	2162
1545	1545
1301	1301
236	236
236	236
315	315
320	320
689	689
1680	1680
1900	1900
2701	2701
3573	3573
3131	3131
1567	1567
1367	1367
1033	1033
3172	3172
78	78
1324	1324
731	731
731	731
2701	2701
1162	1162
1346	1346
1302	1302
1691	1691
2119	2119
793	793
930	930
1246	1246
862	862
2296	2296
2042	2042
1105	1105
2041	2041
668	668
668	668
1395	1395
1395	1395
896	896
1024	1024
1587	1587
1755	1755
581	581
660	660
2037	2037
2343	2343
1720	1720
1640	1640
2611	2611
2284	2284
1242	1242
2256	2256
969	969
1185	1185
1185	1185
1417	1417
1417	1417
301	301
301	301
301	301
301	301
301	301
131	131
2174	2174
2174	2174
1709	1709
1380	1380
1579	1579
1065	1065
3193	3193
1844	1844
1935	1935
2245	2245
2103	2103
2041	2041
2198	2198
615	615
1996	1996
1954	1954
2280	2280
2565	2565
1994	1994
979	979
1602	1602
1376	1376
517	517
1360	1360
2567	2567
78	78
78	78
885	885
862	862
659	659
1074	1074
528	528
1432	1432
1488	1488
624	624
902	902
1552	1552
854	854
470	470
1615	1615
605	605
605	605
368	368
1542	1542
1542	1542
1542	1542
1542	1542
1542	1542
175	175
1511	1511
1525	1525
490	490
1024	1024
1749	1749
2906	2906
2436	2436
1290	1290
785	785
1565	1565
1209	1209
1608	1608
728	728
1726	1726
692	692
577	577
1350	1350
414	414
290	290
93	93
923	923
1206	1206
1854	1854
1124	1124
1987	1987
1034	1034
787	787
1815	1815
1180	1180
1123	1123
869	869
1500	1500
2367	2367
2212	2212
1718	1718
1926	1926
1941	1941
506	506
2056	2056
2264	2264
2843	2843
3104	3104
3037	3037
3322	3322
3462	3462
3237	3237
2651	2651
1714	1714
2225	2225
1260	1260
1958	1958
841	841
722	722
197	197
1290	1290
1290	1290
2116	2116
2837	2837
1550	1550
998	998
1178	1178
847	847
891	891
868	868
1937	1937
1874	1874
1305	1305
609	609
389	389
253	253
253	253
1040	1040
817	817
1537	1537
1031	1031
884	884
49	49
1092	1092
1461	1461
2590	2590
1575	1575
2536	2536
835	835
903	903
903	903
797	797
3014	3014
1974	1974
1252	1252
622	622
2161	2161
668	668
686	686
908	908
1573	1573
3062	3062
1104	1104
854	854
729	729
2036	2036
2038	2038
2194	2194
1324	1324
2440	2440
1968	1968
1250	1250
1012	1012
1465	1465
308	308
376	376
716	716
779	779
1168	1168
486	486
347	347
1233	1233
1741	1741
2110	2110
1390	1390
2233	2233
1356	1356
2071	2071
336	336
1147	1147
1191	1191
1083	1083
1573	1573
1524	1524
2237	2237
1037	1037
974	974
817	817
176	176
962	962
1535	1535
1690	1690
129	129
34	34
665	665
1306	1306
1231	1231
1294	1294
1903	1760
1927	1697
1391	1391
1747	1747
1846	1846
1205	1205
569	569
3052	3052
2195	2195
1764	1764
994	994
1716	1716
1530	1530
765	765
1866	1854
1061	1060
458	458
656	656
503	503
1104	1104
540	540
661	661
661	661
661	661
1132	1130
1551	1551
718	718
363	363
1025	1025
1279	1279
830	830
830	830
830	830
1267	1267
710	710
1656	1656
1511	1511
1382	1382
591	591
1652	1652
1692	1692
1766	1766
2450	2450
579	579
1168	1168
1216	1215
1619	1625
1670	1670
1732	1732
1758	1758
779	779
754	754
747	747
648	648
525	525
638	638
664	664
83	83
49	49
12	12
282	282
399	399
429	429
475	475
356	356
147	147
88	88
15	15
54	54
434	434
444	444
568	568
114	114
16	16
96	96
1048	1048
1063	1063
922	922
707	707
1043	1043
1356	1356
2092	2092
1676	1676
851	851
1384	1384
1060	1060
1058	1058
463	463
791	791
673	673
929	929
1047	1047
794	794
664	664
586	586
764	764
667	667
402	402
383	383
14	14
13	13
12	12
35	35
39	39
46	46
84	84
324	324
167	167
229	229
1532	1532
875	875
1514	1514
1707	1707
1963	1963
1225	1225
1040	1040
1034	1034
909	909
1379	1379
853	853
2064	2064
2240	2240
1027	881
995	995
995	995
1491	1491
1265	1265
844	844
592	592
592	592
994	994
949	949
472	472
1161	1161
1890	1890
1172	1172
697	697
632	643
1107	1107
565	565
1928	1928
1404	1404
1094	1094
1079	1079
1560	1560
1223	1223
429	429
2193	2193
1282	1282
2108	2108
916	916
1944	1944
1250	1250
1780	1780
2109	2109
1753	1753
1163	1163
1316	1316
879	879
467	467
2570	2570
1678	1678
1199	1199
876	876
820	820
781	781
1534	1534
108	108
38	38
1059	1059
1065	1065
1277	1277
1408	1408
1521	1521
147	147
2534	2534
2206	2206
1355	1355
750	750
571	571
216	216
1505	1505
2578	2578
2539	2539
1664	1664
599	599
1089	1089
1118	1118
895	895
738	738
1283	1283
315	315
1056	1056
2260	2260
1038	1038
1039	1039
637	637
1429	1429
761	761
1343	1343
429	429
2004	2004
585	585
481	481
931	931
1879	1879
1953	1953
1714	1714
1714	1714
1285	1285
1771	1771
773	773
1025	1025
1958	1958
1275	1275
1275	1275
1232	1232
2721	2721
1589	1589
1805	1805
1223	1223
1430	1430
1248	1248
1399	1399
897	897
897	897
758	758
2439	2439
1255	1255
725	725
895	895
796	796
3042	3042
3809	3809
4184	4184
4092	4092
4089	4089
3638	3638
3063	3063
2976	2976
2737	2737
2556	2556
2101	2101
2360	2360
2284	2284
2236	2236
2233	2233
1914	1914
1193	1193
1426	1426
1564	1564
1585	1585
1928	1928
1848	1848
1372	1372
1421	1421
1547	1547
1915	1915
1926	1926
1887	1887
1632	1632
2433	2433
2048	2048
1345	1345
1623	1623
1776	1776
1294	1294
1288	1288
1016	1016
1034	1034
948	948
948	948
1064	1064
1071	1071
1437	1437
2607	2607
457	457
457	457
1932	1932
1650	1650
1960	1960
1089	1089
1356	1356
1757	1757
624	624
981	981
806	806
483	483
1683	1683
611	611
317	317
271	271
2415	2415
1638	1638
2484	2484
2764	2764
2698	2698
1811	1811
2019	2019
1341	1341
1107	1107
1006	1006
1036	1036
761	761
818	818
2349	2349
790	790
859	859
1123	1123
1123	1123
1123	1123
1784	1784
2412	2412
2152	2152
1631	1631
1305	1305
1172	1172
485	485
753	753
1080	1080
1080	1080
1445	1445
2265	2265
2184	2184
2199	2199
683	683
1568	1568
314	314
815	815
1736	1736
1854	1854
328	328
1343	1343
1666	1666
1552	1552
806	806
1266	1266
2119	2119
1971	1971
1971	1971
2287	2287
882	882
1151	1151
154	154
1918	1918
1351	1351
2349	2349
2262	2262
792	792
792	792
1358	1358
1325	1325
862	862
779	779
680	680
1437	1437
849	849
849	849
1245	1245
602	602
617	617
528	528
560	560
818	818
1685	1685
1346	1346
1686	1686
1686	1686
1686	1686
1686	1686
2307	2307
4462	4462
866	866
1557	1557
1734	1734
1512	1512
1406	1406
1427	1427
1427	1427
2668	2668
4150	4150
4133	4133
4219	4219
5890	5890
5890	5890
6131	6131
4066	4066
3740	3740
3553	3553
1280	1280
357	357
357	357
931	931
1952	1952
1800	1800
2239	2239
1118	1118
2014	2014
1860	1860
1742	1742
894	894
2589	2589
3427	3427
2917	2917
656	656
1890	1890
1198	1198
1222	1222
1730	1730
1049	1049
1362	1362
1808	1808
1334	1334
1156	1156
1253	1253
1406	1406
1328	1328
1210	1210
1210	1210
1541	1541
1541	1541
1611	1611
2265	2265
629	629
245	245
245	245
245	245
1272	1272
2063	2063
2519	2519
2342	2342
1140	1140
1135	1135
1451	1451
990	990
1069	1069
2291	2291
778	778
1600	1600
2139	2139
1552	1552
1609	1609
1694	1694
181	181
1665	1665
1676	1676
423	423
423	423
957	957
2074	2074
1417	1417
1300	1300
745	745
1177	1177
666	666
447	447
1595	1595
1595	1595
1872	1872
1826	1826
1719	1719
636	636
1088	1088
1584	1584
1011	1011
1518	1518
1263	1263
2017	2017
1243	1243
1677	1677
723	723
1978	1978
1464	1464
1464	1464
1320	1320
889	889
1435	1435
793	793
972	972
1716	1716
308	308
1813	1813
709	709
1231	1231
328	328
1971	1971
1677	1677
1042	1042
39	39
1344	1344
2193	2193
2615	2615
718	718
1013	1013
2090	2090
1439	1439
2025	2025
1580	1580
1549	1549
935	935
1013	1013
212	212
1582	1582
586	586
863	863
509	507
622	610
564	564
1129	1129
447	447
444	444
275	275
707	707
800	800
649	649
731	731
1272	1272
1990	1990
2385	2385
2277	2277
2461	2461
2461	2461
2034	2034
601	601
152	152
1703	1703
764	764
806	806
1623	1623
1254	1254
1509	1509
2201	2201
1428	1428
838	838
1330	1330
1598	1598
1545	1545
1691	1691
650	650
789	789
1956	1956
371	371
371	371
2118	2118
1511	1511
1511	1511
1360	1360
1393	1393
1979	1979
115	115
1632	1632
1632	1632
1213	1213
1453	1453
943	943
1851	1851
333	333
1794	1794
1315	1315
1835	1835
1157	1157
1157	1157
1025	1025
990	990
1623	1623
1518	1518
1395	1395
1415	1415
2402	2402
1476	1476
2013	2013
2029	2029
1363	1363
841	841
1407	1407
798	798
670	670
1838	1838
1475	1475
781	781
580	580
1520	1520
1479	1479
1876	1876
2069	2069
1466	1466
525	525
673	673
1822	1822
1869	1869
1842	1842
1899	1899
827	827
736	736
1653	1653
1825	1825
2001	2001
903	903
574	574
820	820
702	702
819	819
1176	1176
1259	1259
1149	1149
2073	2073
1322	1322
585	585
778	778
1039	1039
1770	1770
1211	1211
1527	1527
909	909
1327	1327
1548	1548
1459	1459
964	964
896	896
660	660
1328	1328
1344	1344
1399	1399
1270	1270
993	993
993	993
979	979
1767	1767
2304	2304
930	930
2093	2093
1158	1158
1720	1720
2889	2889
2973	2973
877	877
1299	1299
910	910
859	859
823	823
1055	1055
1768	1768
1668	1668
1493	1487
1528	1528
1416	1416
1050	1050
1560	1560
2361	2361
837	837
1673	1673
1937	1937
1798	1798
1693	1693
1897	1897
1778	1778
993	993
630	630
581	581
1662	1662
1285	1285
2377	2377
2794	2794
1878	1878
1093	1093
1262	1262
944	944
917	917
1183	1183
1262	1262
2246	2246
756	756
1529	1529
1744	1744
1789	1789
2833	2833
2513	2513
3325	3325
1792	1792
1291	1291
2268	2268
1363	1363
1939	1939
1253	1253
1150	1150
2546	2546
2582	2582
1838	1838
468	468
1170	1170
1622	1622
1462	1462
410	410
1750	1750
1275	1275
2864	2864
1203	1203
1925	1925
1550	1550
2230	2230
2366	2366
1898	1898
1981	1981
1117	1117
1416	1416
341	341
341	341
1438	1438
849	849
1717	1717
1519	1519
1996	1996
86	86
391	391
333	333
575	575
206	206
630	630
402	402
137	137
1650	1650
1650	1650
1188	1188
1406	1406
1468	1468
1917	1917
1889	1889
1922	1922
2232	2232
1513	1513
2266	2266
1649	1649
1727	1727
1832	1832
734	734
1847	1847
1373	1373
1615	1615
1615	1615
1434	1434
2078	2078
2517	2517
1907	1907
1886	1886
1649	1649
1763	1763
657	657
1212	1212
1013	1013
934	934
657	657
892	892
774	774
449	449
449	449
449	449
2266	2266
2260	2260
1072	1072
1106	1106
238	238
1097	1097
2389	2389
93	93
74	74
1791	1791
1644	1644
819	818
1068	1068
1236	1236
232	232
1228	1228
959	959
1678	1678
780	780
2622	2622
2632	2632
1127	1127
1169	1169
1169	1169
1129	1129
115	115
1585	1585
1585	1585
2515	2515
2794	2794
2004	2004
1670	1670
1716	1716
1544	1544
2506	2506
2374	2374
1301	1301
747	747
1271	1271
1674	1674
1143	1143
1835	1835
2042	2042
2185	2185
1727	1727
1914	1914
1569	1569
1204	1204
1547	1547
1547	1547
1547	1547
1955	1955
1398	1398
525	525
642	642
550	550
1109	1109
1933	1933
980	980
629	629
636	636
968	968
1932	1932
872	872
243	243
546	546
407	407
891	891
1122	1122
1736	1736
1690	1690
1049	1049
541	541
445	445
2006	2006
2124	2124
1307	1307
1319	1319
1782	1782
1583	1583
1583	1583
1790	1790
1551	1551
1482	1482
3004	3004
2503	2503
2478	2478
2478	2478
2164	2164
1165	1165
1016	1016
1181	1181
784	784
784	784
784	784
1028	1028
424	424
424	424
424	424
2223	2223
2265	2265
2260	2260
2233	2233
1207	1207
1119	1119
1208	1208
4012	4012
4788	4788
5843	5843
5295	5295
4210	4210
3474	3474
2977	2977
3037	3037
3236	3236
3286	3286
3186	3186
3666	3666
4991	4991
5279	5279
2966	2966
2130	2130
3552	3552
3628	3628
2962	2962
1675	1675
1508	1508
1250	1250
712	712
574	574
499	499
2924	2924
2924	2924
487	487
559	559
864	864
927	927
1422	1422
1422	1422
1311	1311
1681	1681
666	666
495	495
1248	1248
1722	1722
2350	2350
1147	1147
1040	1040
2358	2358
1259	1259
1715	1715
164	164
973	973
920	920
721	721
721	721
1852	1852
2315	2315
2485	2485
1869	1869
2424	2424
2590	2590
1995	1995
1835	1835
1172	1172
863	863
180	180
1259	1259
596	596
752	752
1101	1101
565	565
504	504
968	968
1740	1740
1421	1421
1767	1767
2035	2035
507	507
1689	1688
686	686
553	553
1335	1335
1428	1428
79	79
984	984
968	968
1370	1370
2409	2409
2213	2213
2048	2048
1273	1273
1378	1378
1257	1257
633	633
329	329
1408	1408
1562	1562
1121	1121
1637	1637
1700	1700
1340	1340
1187	1187
142	142
1409	1409
1924	1924
1688	1688
783	783
688	688
1604	1604
1144	1144
1672	1672
1819	1819
2157	2157
1328	1328
1094	1094
701	701
1489	1489
1187	1187
932	932
923	923
823	823
648	648
870	870
868	868
1541	1541
696	696
696	696
1339	1339
2202	2202
1711	1711
1304	1304
674	674
674	674
674	674
1265	1265
924	924
1583	1583
550	550
1668	1668
995	995
2093	2093
1744	1744
1689	1689
1673	1673
2189	2189
549	549
1292	1292
614	614
614	614
614	614
782	782
2089	2089
636	636
909	909
669	669
749	749
750	750
673	673
666	666
223	223
1228	1228
1570	1570
1134	1134
1417	1417
1445	1445
331	331
136	136
662	662
529	529
1107	1107
2897	2897
2886	2886
2033	2033
1847	1847
434	434
1579	1579
1579	1579
1579	1579
1445	1445
1329	1329
2563	2563
687	687
1756	1756
1689	1689
2439	2439
912	912
1059	1059
940	940
940	940
941	941
1640	1640
1499	1499
890	890
1238	1238
1160	1160
1617	1617
869	869
869	869
869	869
869	869
835	835
1116	1116
1505	1505
1508	1508
1508	1508
2125	2125
1718	1718
2374	2374
1113	1113
714	714
714	714
714	714
714	714
1617	1617
2284	2284
1841	1841
1586	1586
1436	1436
1111	1111
1111	1111
1447	1447
1339	1339
1596	1596
3255	3255
2065	2065
2102	2102
862	862
2182	2182
2182	2182
799	799
799	799
825	825
590	590
820	820
1002	1002
1619	1619
1411	1411
2350	2350
436	436
1232	1232
857	857
857	857
595	595
284	284
1117	1117
1117	1117
1762	1762
2497	2497
182	182
1335	1335
1335	1335
63	63
1224	1224
1590	1590
1259	1259
1000	1000
1000	1000
1985	1985
1541	1541
1272	1272
1672	1672
1119	1119
1519	1519
2687	2687
726	726
726	726
1407	1407
1197	1197
1197	1197
2338	2338
1358	1358
1975	1975
73	73
1762	1762
1967	1967
1781	1781
1781	1781
1668	1668
1282	1282
1014	1014
2351	2351
2351	2351
1889	1889
1913	1913
919	919
2119	2119
2119	2119
567	567
1288	1288
1449	1449
983	983
911	911
911	911
2461	2461
1293	1293
1184	1184
657	657
657	657
657	657
64	64
780	780
911	911
1439	1439
1096	1096
1096	1096
1587	1587
1607	1607
1658	1658
1584	1584
2172	2172
1275	1275
2320	2320
1863	1863
1788	1788
2280	2280
2446	2446
1436	1436
1470	1470
1279	1279
2530	2530
1850	1850
1895	1895
1799	1799
1546	1546
1954	1954
1071	1071
1071	1071
505	505
757	757
1357	1357
1023	1023
2023	2023
1659	1659
1292	1292
2251	2251
1923	1923
559	559
2185	2185
2229	2229
1434	1434
1386	1386
457	457
1312	1312
1552	1552
1393	1393
2477	2477
130	130
838	838
1683	1683
772	772
365	365
1184	1184
773	773
925	925
1222	1222
774	774
247	247
1205	1205
527	527
1283	1283
1203	1203
1328	1328
274	274
224	224
188	188
954	954
2009	2009
408	408
1360	1360
1432	1432
909	909
956	956
980	980
1887	1887
1187	1187
1535	1535
585	587
1185	1205
1183	1191
1218	1238
1904	1902
966	966
966	966
721	721
721	721
1393	1393
1313	1313
564	564
651	651
2080	2080
2083	2076
669	669
2307	2307
1867	1867
1867	1867
1362	1359
2315	2315
1846	1845
1059	1059
999	999
1144	1141
217	217
1175	1175
1623	1623
894	894
441	441
441	441
441	441
848	848
1446	1446
773	773
1772	1772
846	846
1415	1415
991	987
1366	1366
953	953
1475	1475
85	85
745	745
368	368
2161	2161
1713	1713
1009	1009
2935	2935
777	777
2089	2089
1291	1291
2400	2400
1230	1230
1633	1633
2282	2282
2324	2324
1368	1368
1195	1195
1366	1366
1608	1608
1343	1343
1343	1343
1408	1408
1179	1179
1939	1939
2122	2122
1973	1973
1487	1487
1016	1016
1360	1360
3917	3917
4938	4938
5707	5707
4097	4097
4097	4097
1897	1897
2173	2173
2262	2262
2201	2201
1310	1310
1666	1666
867	867
1534	1534
502	502
1245	1245
1282	1282
1282	1282
1517	1517
1517	1517
1471	1471
1741	1741
2264	2264
1531	1531
2824	2824
925	925
2028	2028
48	48
1506	1506
1438	1438
2225	2225
1738	1738
1280	1280
502	502
784	784
586	586
588	588
1367	1367
2170	2170
1494	1494
2072	2072
1445	1445
1350	1350
1331	1331
1701	1701
542	542
799	799
547	547
833	833
904	904
1555	1555
1487	1487
1283	1283
794	794
701	701
989	989
493	493
784	784
1583	1583
1893	1893
1708	1708
1555	1555
1955	1955
1864	1864
403	403
993	993
2062	2062
1326	1326
1489	1489
1420	1420
1524	1524
1605	1605
612	612
225	225
989	989
1457	1457
1357	1357
631	631
624	624
755	755
650	650
1010	1010
1167	1167
1644	1644
1644	1644
815	815
1844	1844
1844	1844
1925	1925
1619	1619
1168	1168
1733	1733
1263	1263
1783	1783
745	745
1811	1811
1340	1340
1340	1340
1428	1428
3886	3886
1236	1236
230	230
968	968
1932	1932
1157	1157
1538	1538
59	59
2727	2727
910	910
1792	1792
65	65
65	65
1412	1412
1629	1629
1263	1263
943	943
1730	1730
1487	1487
1479	1479
2155	2155
1615	1615
1867	1867
1349	1349
1797	1797
1553	1553
2091	2091
2145	2145
1989	1989
1850	1850
2001	2001
1611	1611
1087	1087
1348	1348
1774	1774
1764	1764
1267	1267
1267	1267
915	915
1151	1151
1109	1109
1659	1659
1697	1697
989	989
1065	1065
753	753
1616	1616
575	575
1081	1081
2137	2137
2808	2808
1813	1813
463	463
383	383
1404	1404
845	845
2182	2182
841	841
959	959
959	959
959	959
959	959
1028	1028
2225	2225
1175	1175
1175	1175
518	518
1335	1335
91	91
278	278
386	386
2035	2035
1267	1267
1289	1289
1521	1521
2537	2537
1720	1720
4248	4248
1325	1325
1124	1124
2462	2462
123	123
123	123
871	871
1015	1015
1274	1274
1147	1147
797	797
691	691
1443	1443
705	705
602	602
512	512
180	180
159	159
1867	1867
785	785
640	640
568	568
1256	1256
488	488
652	652
690	690
935	935
1281	1281
1326	1326
916	916
1369	1369
931	931
510	510
913	913
1224	1224
674	674
518	518
1384	1384
572	572
798	798
319	319
808	808
940	940
648	648
1767	1767
1333	1333
671	671
767	767
1519	1519
1565	1565
2078	2078
1498	1498
2636	2636
556	556
750	750
1042	1042
1749	1749
711	711
711	711
728	728
1415	1414
1785	1824
1241	1241
2027	2027
2371	2371
2276	2276
1406	1405
1609	1609
1053	1053
1244	1244
1575	1575
1723	1723
1723	1723
1027	1027
1496	1496
817	817
1229	1229
1028	1028
1680	1680
1526	1526
1358	1358
716	716
2133	2133
561	561
1320	1320
1039	1039
418	418
324	324
1383	1383
1462	1462
920	920
920	920
920	920
920	920
970	970
1064	1064
1884	1884
657	657
1438	1438
897	897
1800	1800
2642	2642
833	833
1290	1290
1017	1017
1720	1720
1147	1147
505	505
1043	1043
981	981
831	831
1182	1182
1320	1320
553	553
1043	1043
1249	1249
1249	1249
915	915
1544	1544
606	606
1454	1454
2128	2128
559	559
2578	2578
1484	1484
1810	1810
1650	1650
1306	1306
1211	1211
2399	2399
2472	2472
1290	1290
831	831
649	649
649	649
731	731
942	942
505	505
505	505
1164	1164
1827	1827
2885	2885
3351	3351
3286	3286
2541	2541
1084	1084
3836	3836
52	52
682	682
3311	3311
495	495
985	985
1924	1924
1106	1106
825	825
2125	2125
2560	2560
1824	1824
1697	1697
531	531
1214	1214
2157	2157
958	958
1102	1102
1010	1010
784	784
784	784
784	784
1459	1459
2073	2073
683	683
1992	1992
1118	1037
1430	1349
1049	970
1049	970
1229	1229
810	810
744	744
1214	1214
1214	1214
1559	1559
396	396
1502	1502
845	845
1054	1054
1054	1054
1002	1002
314	314
1739	1739
934	934
934	934
1456	1456
1172	1172
1289	1289
1442	1442
1442	1442
1095	1095
1095	1095
596	596
518	518
518	518
2019	2019
2391	2391
3108	3108
2421	2421
1775	1775
1635	1635
1635	1635
1351	1351
552	552
552	552
1291	1291
584	584
498	498
1484	1484
1248	1248
734	734
528	528
1925	1925
1188	1188
1991	1991
1502	1502
1195	1195
1934	1934
1521	1521
1369	1369
2106	2104
1709	1709
919	919
1604	1604
2184	2184
1461	1461
512	512
1023	1023
837	837
285	285
1891	1891
2634	2634
1748	1748
1145	1145
372	372
775	775
974	974
1055	1055
884	884
2246	2246
1860	1860
1382	1382
1227	1227
1764	1764
706	706
810	810
755	755
755	755
1134	1134
1204	1204
1197	1197
865	865
865	865
1180	1180
1649	1649
1649	1649
1649	1649
1146	1146
1157	1157
405	405
405	405
405	405
2824	2824
1446	1446
1446	1446
1852	1852
944	944
944	944
1346	1346
1652	1652
866	866
765	765
2185	2185
609	609
1744	1744
944	944
799	799
2469	2469
871	871
871	871
1741	1741
1619	1619
576	576
756	756
794	794
1144	1144
1220	1220
1254	1254
1311	1311
2012	2012
931	931
1224	1224
1728	1728
1503	1503
272	272
871	871
941	941
959	959
1345	1345
465	465
476	476
1734	1732
1786	1785
1205	1205
1970	1970
443	443
720	720
620	620
1077	1077
54	54
1001	1001
923	923
1090	1090
1268	1268
1035	1035
1674	1674
701	705
754	754
1738	1738
1495	1495
1801	1801
59	59
59	59
1407	1407
2043	2043
1649	1649
2234	2234
1564	1564
1723	1723
1756	1756
2546	2546
1338	1338
37	37
14	14
2204	2204
1483	1483
558	558
608	608
857	857
191	191
465	465
449	449
1027	1027
894	894
2396	2396
2251	2251
2172	2172
911	911
911	911
2085	2085
1566	1566
402	402
2012	2012
1767	1767
1357	1357
2238	2238
284	284
1555	1555
1211	1211
1211	1211
1211	1211
1629	1629
2854	2854
1126	1126
86	86
37	37
63	63
492	492
2199	2199
462	462
1593	1593
1923	1923
425	425
1348	1348
1195	1195
842	842
1171	1171
2206	2206
1085	1085
2811	2811
1721	1721
1046	1046
1340	1340
1706	1706
223	223
223	223
223	223
223	223
984	984
2398	2398
1178	1178
1398	1398
1955	1955
1087	1087
56	56
1767	1767
1128	1128
2052	2052
1798	1798
1244	1244
1173	1173
668	668
1529	1529
2035	2035
1382	1382
1290	1290
945	945
1721	1721
2055	2055
2168	2168
1574	1574
1130	1130
2818	2818
1389	1389
1778	1778
713	713
1698	1698
1717	1717
1939	1939
1730	1730
1560	1560
674	676
601	600
1334	1334
1209	1209
959	959
914	914
992	992
2595	2595
1457	1457
1627	1627
1097	1097
527	527
527	527
851	851
1495	1495
2145	2145
1914	1914
739	739
983	983
1009	1009
855	855
679	679
787	787
1702	1702
1783	1783
1530	1530
1293	1293
1162	1162
1574	1574
874	874
1264	1264
1264	1264
1755	1755
1323	1323
1155	1155
1155	1155
2198	2198
1639	1639
1403	1403
1544	1544
1776	1776
1390	1390
559	559
387	387
1375	1375
1375	1375
1891	1891
2962	2962
3084	3084
1277	1277
2810	2810
1440	1440
815	815
529	529
648	648
383	383
1099	1099
830	830
973	973
1044	1044
667	667
174	174
104	104
1261	1261
3035	3035
1030	1030
982	982
126	126
135	135
1955	1955
1990	1990
1782	1782
1238	1238
1666	1666
644	644
512	512
1336	1336
480	480
355	355
1144	1144
902	902
1736	1736
2473	2473
892	892
2563	2563
1892	1892
585	585
1356	1356
1225	1225
978	978
1175	1175
1752	1752
1672	1672
926	926
539	539
517	517
320	320
113	113
1333	1333
1336	1336
1875	1875
1500	1500
1092	1092
1851	1851
797	797
797	797
910	910
910	910
1021	1021
2765	2765
717	717
592	592
661	661
1749	1749
1280	1280
1078	1078
1231	1231
659	659
705	705
1340	1340
2557	2557
1956	1956
769	769
641	641
1146	1146
1127	1127
913	913
913	913
1347	1347
2555	2555
2145	2145
1152	1152
783	783
783	783
1165	1165
839	839
2164	2164
2341	2341
3220	3220
1051	1051
2118	2118
742	742
1218	1218
1338	1338
718	718
718	718
718	718
1857	1857
2059	2059
2567	2567
2533	2533
2754	2754
2754	2754
2203	2203
1609	1609
3663	3663
3262	3262
757	757
2256	2256
1471	1471
1320	1320
1320	1320
1309	1309
1088	1088
1345	1345
2076	2076
980	980
1120	1120
499	499
306	306
386	386
2236	2236
1598	1598
2395	2395
2395	2395
2625	2625
2625	2625
1346	1346
765	765
30	30
1033	1033
1033	1033
1311	1311
1340	1340
1582	1571
1578	1576
1270	1270
438	438
950	950
1154	1154
1154	1154
1805	1805
1475	1475
2180	2180
1538	1538
2721	2721
1014	1014
1215	1215
894	894
78	78
746	746
799	799
1645	1645
1045	1045
916	916
149	149
2230	2230
1511	1511
1537	1537
1180	1180
1578	1578
1085	1085
1141	1141
665	665
864	864
1653	1653
874	874
174	174
174	174
174	174
174	174
741	741
741	741
2234	2234
3795	3795
3506	3506
3009	3009
1152	1152
1686	1686
1743	1743
469	469
912	912
912	912
809	809
1360	1360
1360	1360
412	412
1659	1426
1605	1605
1588	1588
1588	1588
824	824
1384	1384
718	718
1186	1186
1199	1199
849	849
2734	2734
1756	1756
1603	1603
1591	1591
897	897
539	539
1291	1291
1616	1616
1616	1616
1381	1381
1439	1439
1456	1456
2460	2460
1120	1120
1068	1068
1073	1073
1754	1754
1267	1267
1496	1496
1851	1851
2711	2711
816	816
519	519
727	727
1716	1716
1508	1508
2698	2698
2698	2698
2186	1775
2118	2118
1358	1358
1580	1580
1329	1329
1329	1329
1464	1464
299	299
299	299
1178	1178
1663	1663
1421	1421
934	934
934	934
934	934
1976	1976
2301	2301
1235	1235
505	505
2345	2345
1373	1373
1309	1309
1704	1704
2019	2019
3464	3464
2527	2527
1150	1150
1223	1223
1704	1704
646	646
500	500
221	221
207	207
1533	1533
1003	1003
723	723
1488	1488
1558	1558
1455	1455
1808	1808
778	778
956	956
1038	1038
697	697
544	544
1859	1859
1816	1816
2221	2221
1847	1847
1847	1847
1847	1847
1117	1117
1264	1264
1677	1677
1978	1978
1055	1055
1793	1793
1745	1745
1519	1519
731	731
2092	2092
2105	2105
2025	2025
2096	2096
1465	1465
1536	1536
1507	1507
1507	1507
1462	1462
1560	1560
2317	2317
1997	1997
677	677
1333	1333
1530	1530
857	857
1555	1555
1064	1064
1445	1445
1039	1039
1100	1100
723	723
807	807
1459	1459
856	856
840	840
840	840
900	900
1032	1032
1318	1318
2117	2117
3142	3142
1268	1268
2584	2584
2297	2297
1758	1758
1508	1508
2065	2065
2074	2074
1195	1195
1888	1888
2118	2118
2024	2024
1161	1161
766	766
896	896
661	661
1053	1053
829	829
1363	1363
1414	1414
1867	1867
1374	1374
1165	1179
1147	1147
2221	2221
2221	2221
1018	1018
1832	1832
1408	1408
543	543
2417	2417
1598	1598
1598	1598
1598	1598
1299	1299
1717	1717
1321	1321
1378	1378
2299	2299
1425	1425
1094	1094
2848	2848
1709	1709
2182	2182
2461	2461
1914	1914
1365	1365
1043	1043
895	895
895	895
895	895
794	794
1554	1554
1499	1499
2246	2246
656	656
954	954
1094	1094
2026	2026
1238	1238
992	992
1607	1607
1070	1070
1112	1112
1112	1112
725	725
858	858
1645	1645
1587	1587
1451	1451
1349	1349
1660	1660
1478	1478
498	498
1790	1790
647	647
2065	2065
662	662
1986	1986
964	964
1161	1161
470	470
982	982
1197	1197
4034	4034
347	347
262	262
20	20
1216	1216
1524	1524
1702	1702
2485	2485
1471	1471
1720	1720
1682	1682
1230	1230
1666	1666
1091	1091
1785	1785
1122	1122
1250	1250
1256	1256
1272	1272
1950	1950
859	859
365	365
365	365
365	365
2096	2096
753	753
611	611
611	611
611	611
766	766
731	731
1219	1219
1134	1134
170	170
140	140
770	770
969	969
2131	2130
1545	1545
822	822
1609	1609
526	526
1680	1680
1410	1410
999	999
1771	1771
1772	1772
1337	1337
2075	2075
1186	1186
1530	1530
1572	1572
697	697
566	566
980	980
1752	1752
1981	1981
2989	2989
1802	1802
2166	2166
322	322
1588	1588
2433	2433
706	706
1403	1403
1290	1290
2333	2333
1058	1058
1322	1321
1147	1147
2179	2179
1115	1115
1465	1465
816	816
480	480
2765	2765
1594	1594
1118	1118
2547	2547
2582	2582
2073	2073
1178	1178
1218	1218
1218	1218
2128	2128
1577	1577
1387	1387
1830	1830
1680	1680
1346	1346
404	404
1357	1357
1357	1357
433	433
1225	1225
971	971
1553	1553
1534	1534
940	940
1644	1644
924	924
768	768
635	635
2313	2313
1787	1787
2322	2322
1744	1744
2317	2317
1165	1165
1538	1538
1699	1699
1646	1646
1423	1423
2171	2171
979	979
979	979
1257	1257
2152	2152
1928	1928
1961	1961
1592	1592
1661	1661
1511	1511
1707	1707
2850	2850
2440	2440
2440	2440
1008	1008
1652	1652
2039	2039
2130	2130
801	801
881	881
1158	1158
1178	1178
1178	1178
1325	1325
1968	1968
1359	1359
1279	1279
713	713
713	713
1194	1194
1054	1054
1263	1263
1271	1271
2314	2314
106	106
269	269
604	604
557	557
1408	1408
1408	1408
502	502
535	535
535	535
535	535
535	535
1186	1186
1281	1281
1014	1014
2940	2940
1131	1131
52	52
2444	2444
2481	2481
1237	1237
1129	1129
1092	1092
1092	1092
1310	1310
325	325
3036	3036
2003	2003
1827	1827
34	34
24	24
32	32
111	111
609	609
771	771
749	749
560	560
268	268
268	268
883	883
1143	1143
1143	1143
516	516
534	534
911	911
1127	1127
1127	1127
596	596
484	484
418	418
614	614
624	624
858	858
661	661
1368	1368
1184	1184
1854	1854
1947	1947
1658	1658
2046	2046
2046	2046
1763	1763
2218	2218
1492	1492
632	632
947	947
1255	1255
1009	1009
1023	1023
1610	1610
1517	1517
1483	1483
1371	1371
788	788
788	788
249	249
249	249
249	249
249	249
249	249
1358	1358
1170	1170
1772	1772
2258	2258
543	543
481	481
675	675
476	476
749	749
789	789
568	568
628	628
644	644
293	293
415	415
370	370
502	502
775	775
895	895
86	86
653	653
1061	1061
1552	1552
1292	1292
1166	1166
1689	1689
937	937
953	953
906	906
1315	1315
1319	1319
343	343
343	343
343	343
1664	1664
1533	1533
2589	2589
1903	1903
96	96
750	750
750	750
1518	1518
1569	1569
2026	2026
1984	1984
1589	1589
1589	1589
310	310
947	947
947	947
1905	1905
700	700
2473	2473
2879	2879
54	54
69	69
954	954
950	950
2257	2257
1321	1321
1321	1321
1321	1321
1321	1321
1538	1538
127	127
1891	1891
2380	2380
1857	1857
244	244
1666	1666
1381	1381
1574	1574
1540	1540
2119	2119
3088	3088
3102	3102
2555	2555
1176	1176
1353	1353
1135	1135
1337	1337
619	619
485	485
43	43
56	56
102	102
201	201
531	531
704	704
874	874
937	937
1178	1178
1156	1156
1196	1196
1063	1063
1107	1107
1314	1314
1588	1588
991	991
2360	2360
1966	1966
1689	1689
1746	1746
906	906
829	829
832	832
1171	1171
1011	1011
841	841
2109	2109
1465	1465
835	835
1229	1229
1229	1229
1329	1329
1157	1157
1391	1391
2280	2280
2178	2178
1842	1842
1725	1725
501	501
83	83
83	83
890	890
890	890
1547	1547
1909	1909
1947	1947
1356	1356
1516	1516
1223	1223
1881	1881
2593	2593
1949	1949
1949	1949
589	589
589	589
589	589
589	589
3063	3063
2944	2944
2292	2292
2734	2734
1701	1701
3064	3064
2211	2211
1917	1917
1820	1820
1196	1196
1182	1182
2104	2104
662	662
1325	1325
994	994
1987	1987
1987	1987
1528	1528
1786	1786
1501	1501
1563	1249
213	213
1265	1265
1684	1684
2272	2272
1861	1861
1861	1861
2228	2228
2228	2228
2228	2228
1784	1784
2977	2977
1877	1877
3154	3154
2223	2223
2289	2289
3373	3373
1832	1832
1125	1125
1636	1636
2457	2457
2757	2757
1359	1359
1774	1774
1205	1205
2382	2382
2382	2382
2235	2235
1123	1123
1363	1363
1980	1980
2023	2023
2023	2023
2023	2023
1347	1347
733	733
733	733
1744	1744
1208	1208
1208	1208
1766	1766
1968	1968
411	411
1576	1576
1956	1956
1089	1089
1604	1604
2030	2030
1652	1652
2031	2031
1346	1346
2272	2272
2217	2217
1451	1451
1708	1708
1313	1313
1311	1311
1853	1853
214	214
783	783
1146	1146
480	480
1257	1257
1148	1148
2122	2122
873	873
873	873
900	900
1703	1703
718	718
1627	1627
1267	1267
1267	1267
1153	1153
910	910
1072	1072
860	860
527	527
527	527
1434	1434
1434	1434
789	789
1870	1870
1405	1405
2235	2235
1656	1656
1951	1951
1097	1097
1121	1121
1959	1959
1888	1888
1368	1368
1205	1205
1205	1205
1044	1044
1642	1642
1668	1668
399	399
399	399
399	399
463	463
934	934
1974	1974
1358	1358
1384	1384
1700	1700
2464	2464
2259	2259
2264	2264
2049	2049
1097	1097
1729	1729
1508	1508
1609	1609
1783	1783
2062	2062
2277	2277
2277	2277
1609	1609
1701	1701
1704	1704
1083	1083
865	865
296	296
534	534
471	471
1536	1536
811	811
1263	1263
886	886
663	663
1436	1436
579	579
579	579
579	579
580	580
702	702
1012	1012
1628	1628
1374	1374
1497	1497
880	880
1928	1928
496	496
886	886
2280	2280
861	861
2013	2013
2166	2166
2145	2145
2246	2246
2149	2149
237	237
2150	2150
1520	1520
1430	1430
1141	1141
2680	2680
2575	2575
2697	2697
956	956
1459	1459
1706	1706
2236	2236
1403	1403
1807	1807
1582	1582
1120	1120
803	803
831	831
2212	2212
1984	1984
1538	1537
1448	1449
1882	1706
1159	1159
383	383
848	848
870	870
899	899
1200	1200
668	668
1632	1632
950	950
158	158
2079	2079
1038	1038
1316	1316
1237	1237
1816	1816
759	759
901	901
868	868
1631	1631
944	944
1074	1074
730	730
1162	1162
2059	2059
2140	2140
1611	1611
964	964
1169	1169
1158	1158
2275	2275
514	514
493	493
2734	2734
2734	2734
986	987
1280	1279
2656	2656
2136	2136
1765	1765
2309	2309
684	684
699	699
2086	2086
3315	3315
2026	2024
2626	2626
2502	2502
2963	2963
1310	1310
1865	1865
435	435
381	381
385	385
456	456
844	844
782	782
710	710
710	710
748	748
1227	1227
1210	1210
269	269
213	213
294	294
2037	2037
1622	1622
643	643
1538	1538
1242	1242
1285	1285
1613	1613
925	925
953	953
1068	1068
1616	1616
1616	1616
1157	1157
2206	2206
584	584
933	933
1973	1973
313	313
336	336
351	351
600	600
855	855
1911	1911
1317	1317
1317	1317
1747	1747
1149	1149
1270	1270
1431	1431
1389	1389
1751	1751
1729	1729
547	547
1768	1768
1645	1645
1298	1298
829	829
1414	1414
2301	2301
2367	2367
2367	2367
1461	1461
1432	1432
1327	1327
717	717
1904	1904
1983	1983
714	714
714	714
536	536
2075	2075
2719	2719
927	927
694	694
694	694
694	694
1723	1723
1723	1723
2090	2090
1633	1633
1227	1227
1614	1614
1614	1614
1389	1389
391	391
1599	1599
1401	1401
1651	1651
1651	1651
1109	1109
2076	2076
1760	1760
1661	1661
1582	1582
1166	1166
1724	1724
2534	2534
2032	2032
509	509
302	302
302	302
1550	1550
1412	1412
2368	2368
2086	2086
1182	1182
1489	1489
372	372
1762	1762
1762	1762
1921	1921
2610	2610
1421	1421
565	565
1358	1358
2332	2332
1175	1175
1216	1216
1419	1419
3041	3041
2879	2879
3601	3601
3601	3601
3136	3136
3136	3136
1473	1473
1191	1191
563	563
563	563
1293	1293
1293	1293
2265	2265
2592	2592
762	762
1563	1563
1985	1985
864	864
1214	1214
741	741
3825	3825
2857	2857
2672	2672
1713	1713
2060	2060
2069	2069
2069	2069
969	969
1280	1280
1554	1554
1975	1975
1353	1353
1295	1295
1169	1169
1689	1689
1168	1168
1168	1168
1253	1253
1253	1253
1180	1180
1308	1308
1308	1308
2217	2217
1145	1145
658	658
566	566
940	940
575	575
630	630
1770	1770
316	316
1395	1395
938	938
687	687
1113	1113
567	567
680	680
851	851
2135	2135
1880	1880
1397	1397
1690	1690
1546	1546
1692	1692
2029	2029
629	629
1912	1912
1413	1413
543	543
210	210
292	292
1605	1605
1370	1370
130	130
193	193
243	243
312	312
305	305
23	23
30	30
48	48
115	115
235	235
252	252
305	305
307	307
301	301
193	193
316	316
205	205
263	263
229	229
1618	1618
2276	2276
2357	2357
1545	1545
1427	1427
2003	2003
1654	1654
2293	2293
2283	2283
2736	2736
2180	2180
95	95
1775	1775
1063	1063
1114	1114
2521	2521
1091	1091
718	718
916	916
2531	2531
1378	1378
1244	1244
858	858
963	963
963	963
730	730
808	808
1412	1412
736	736
1220	1220
1660	1660
1121	1121
742	742
742	742
2911	2911
2445	2445
1311	1311
1747	1747
2304	2304
1457	1457
2404	2404
531	531
653	653
1691	1691
1211	1211
967	967
307	307
1596	1596
2990	2990
121	121
121	121
2852	2852
1344	1344
1402	1402
1984	1984
2137	2137
1455	1455
1110	1110
2271	2271
1033	1033
930	930
1610	1610
1227	1227
1227	1227
1241	1241
1056	1056
410	410
410	410
410	410
1213	1213
1213	1213
1502	1502
1272	1272
1813	1813
997	997
932	932
932	932
484	484
1464	1464
1255	1255
195	195
1034	1034
169	169
1484	1484
1129	1129
1294	1294
1298	1298
521	521
831	831
1117	1117
1938	1938
1817	1817
721	721
2283	2283
2240	2240
1154	1154
2396	2396
1261	1261
1724	1724
1724	1724
1698	1698
1038	1038
534	534
2547	2547
947	947
889	889
1049	1049
1362	1362
1451	1451
1874	1874
1248	1248
1954	1954
826	826
1358	1358
119	119
1089	1089
1956	1956
1609	1609
1609	1609
1682	1682
1121	1121
1121	1121
1090	1090
1299	1299
1299	1299
2666	2666
2666	2666
2271	2271
891	891
891	891
1408	1408
2180	2180
1375	1375
2099	2099
2242	2242
848	848
725	725
399	399
750	750
423	423
513	513
1452	1452
2085	2085
2085	2085
1889	1889
1954	1954
1895	1895
1452	1452
922	922
1403	1403
1403	1403
1403	1403
854	854
2018	2018
921	921
1944	1944
2143	2143
1783	1783
2194	2194
1238	1238
588	588
2012	2012
3081	3081
996	996
1272	1271
1330	1342
1099	1099
808	808
2255	2255
1693	1693
1265	1265
416	416
762	762
1143	1143
1510	1510
681	681
517	517
438	438
2614	2614
848	848
892	892
1691	1688
491	491
1000	1000
1490	1490
703	703
712	712
818	818
1194	1194
2114	2114
1701	1701
763	763
704	704
2053	2053
1023	1023
460	460
2181	2181
466	466
1300	1300
1161	1161
1161	1161
1866	1866
913	913
1207	1207
1947	1947
1394	1394
1070	1070
1070	1070
1987	1987
128	128
128	128
651	651
1048	1048
1052	1052
1018	1018
1233	1233
434	434
2011	2011
2030	2030
177	177
2077	2077
2115	2115
1788	1788
1607	1607
2370	2370
2154	2154
1832	1832
1446	1446
339	339
322	322
668	668
1912	1912
1580	1580
645	645
2716	2716
2304	2304
1528	1528
1625	1625
738	738
1254	1254
1267	1267
1961	1961
668	668
708	708
1243	1243
889	889
1212	1212
1199	1199
1702	1702
1223	1223
1081	1081
1371	1371
941	941
992	992
615	615
1861	1861
1665	1665
1721	1721
3690	3690
1666	1666
358	358
1843	1843
2213	2213
1385	1385
2469	2469
2532	2532
1916	1916
947	947
377	377
1339	1339
1785	1785
1829	1829
264	264
1619	1619
1044	1044
1085	1085
2671	2671
2592	2592
694	694
564	564
889	889
1064	1064
1001	1001
490	490
1870	1870
847	847
1426	1426
1524	1524
992	992
1007	1007
1279	1279
372	372
1556	1556
1153	1153
910	910
754	754
881	881
965	965
941	941
1963	1963
946	946
1397	1397
648	648
974	974
1022	1022
1022	1022
1777	1777
424	424
1495	1495
1589	1589
223	223
2790	2790
873	873
2674	2674
2008	2008
2158	2158
2075	2075
1368	1368
1357	1357
912	912
337	337
337	337
1486	1486
1393	1393
1550	1550
2485	2485
1150	1150
1897	1897
1506	1506
992	992
2279	2279
1656	1656
2496	2496
1794	1794
860	860
322	322
735	735
733	733
733	733
627	627
230	230
369	369
1370	1370
1479	1479
1586	1586
1757	1757
734	734
721	721
701	701
630	630
851	851
751	751
108	108
1673	1673
3376	3376
1528	1528
1179	1179
1405	1405
1204	1204
2137	2137
2491	2491
1378	1378
1908	1908
1258	1258
486	486
2090	2090
1586	1586
807	807
1803	1803
1774	1774
47	47
1231	1231
718	718
718	718
557	557
2015	2015
1640	1640
1461	1461
1751	1751
1034	1034
1800	1800
1976	1976
1123	1123
529	529
2182	2182
1397	1397
857	857
742	742
1949	1949
905	905
1006	1006
2114	2114
1038	1038
979	979
1032	1032
1032	1032
2211	2211
270	270
1161	1161
1361	1361
1205	1205
1774	1774
1383	1383
865	865
805	805
805	805
719	719
259	259
1134	1134
805	805
697	697
1086	1086
637	637
922	922
937	937
1543	1543
1338	1338
1038	1038
1390	1390
1192	1192
1001	1001
1045	1045
1494	1494
1843	1843
1699	1699
1671	1671
1446	1446
549	549
889	889
1102	1100
574	574
1369	1369
1321	1321
865	865
1396	1396
762	762
1036	1036
1335	1335
1661	1661
648	648
1236	1236
1073	1073
977	977
1486	1486
986	986
101	101
606	606
690	690
523	523
667	667
1151	1151
1109	1109
1703	1703
1757	1757
1926	1926
1660	1660
819	819
1496	1496
404	404
404	404
404	404
404	404
398	398
1837	1837
2320	2320
2950	2950
2126	2126
438	448
380	380
1244	1244
1104	1104
3470	3470
2398	2398
1701	1701
815	815
1764	1764
1593	1593
107	107
1572	1570
1040	1040
863	877
902	902
1527	1526
1439	1438
102	102
568	568
1113	1113
1164	1164
1690	1690
738	738
1316	1316
770	770
1801	1801
2542	2542
1109	1109
1238	1238
1357	1357
1517	1517
1023	1023
819	819
1050	1050
1419	1419
1026	1026
1166	1166
1711	1711
1248	1248
765	765
1090	1090
755	755
1105	1105
1306	1306
617	617
1566	1566
1790	1790
2632	2632
1012	1012
1525	1525
524	524
445	445
584	584
562	562
1524	1524
142	142
1189	1189
1254	1254
781	781
106	106
434	434
740	740
783	783
1153	1153
1321	1321
847	847
1736	1736
1980	1980
1444	1444
1444	1444
2837	2837
807	807
2157	2157
1929	1927
1731	1731
1274	1274
1388	1388
1118	1118
1185	1185
1638	1638
1046	1046
1045	1047
1679	1679
1423	1423
1318	1318
1539	1539
1038	1035
1226	1226
1549	1549
1043	1043
994	994
383	383
383	383
383	383
383	383
1446	1446
1396	1396
1036	1036
1192	1192
1070	1070
1589	1589
387	387
888	888
739	739
643	643
1308	1308
980	980
2160	2160
2598	2598
2103	2103
1503	1503
1071	1071
1106	1106
1080	1080
838	838
1056	1056
2052	2052
1380	1380
1380	1380
1235	1235
676	676
742	742
2476	2476
2324	2324
2323	2323
2227	2227
968	968
1037	1037
1033	1033
1325	1325
1239	1239
1184	1184
1515	1515
1531	1531
1287	1287
1088	1088
1068	1068
849	849
1056	1056
1009	1009
978	978
378	378
413	413
339	339
1700	1700
1250	1250
1222	1222
802	802
598	598
1711	1711
1241	1241
1630	1630
540	540
569	569
490	490
1587	1587
1587	1587
1314	1314
1081	1081
1081	1081
1081	1081
1081	1081
1081	1081
1165	1165
1028	1028
1028	1028
1118	1118
2346	2346
2118	2118
1785	1785
996	996
257	257
1934	1934
1960	1960
2135	2135
1270	1270
107	107
107	107
2199	2196
1749	1749
1506	1506
1613	1613
1576	1576
1297	1297
2265	2265
1271	1271
714	714
1274	1274
1274	1274
1945	1945
1689	1689
1093	1093
1093	1093
1093	1093
3456	3456
150	150
411	411
690	690
2165	2165
2282	2282
1699	1699
1652	1652
1618	1618
1030	1030
1715	1715
1200	1200
1271	1271
2178	2178
1476	1476
1003	1003
956	956
956	956
1580	1580
1007	1007
2698	2698
2068	2068
837	837
898	898
898	898
2765	2765
2327	2327
419	419
1569	1569
1580	1580
786	786
786	786
1628	1628
2406	2406
1651	1651
2254	2254
1869	1869
910	909
839	839
678	678
754	754
1379	1379
1160	1160
1160	1160
1716	1716
1485	1485
654	654
1269	1269
700	700
1930	1930
1930	1930
804	804
1268	1268
865	865
105	105
105	105
105	105
1374	1374
2393	2393
1054	1054
891	891
1889	1889
1763	1763
1210	1210
202	202
202	202
202	202
1780	1780
1689	1689
1689	1689
1596	1596
1688	1688
1265	1265
1791	1791
1826	1826
1985	1985
1060	1060
28	28
343	343
2152	2152
721	721
1082	1082
1501	1501
1470	1470
460	460
1276	1276
424	424
1411	1411
1556	1556
186	186
3043	3043
2642	2642
1149	1149
992	992
992	992
422	422
422	422
422	422
422	422
2133	2133
1021	1021
1500	1500
1500	1500
2045	2045
1127	1127
1043	1043
737	737
279	279
322	322
1532	1532
1414	1414
1414	1414
1400	1400
1470	1470
1892	1892
449	449
1855	1855
923	923
2061	2061
725	725
1330	1330
1330	1330
1867	1867
3255	3255
1306	1306
1117	1117
1210	1210
1619	1619
1881	1881
2217	2217
1566	1566
282	282
1194	1194
790	790
705	705
1516	1516
1676	1676
335	335
617	617
1508	1508
1004	1004
974	974
891	891
1771	1771
1742	1742
3947	3947
830	830
997	997
1440	1440
1440	1440
1004	1004
1004	1004
2471	2471
923	923
590	590
855	855
1955	1955
516	516
749	749
798	798
2194	2194
1245	1245
514	514
400	400
1486	1486
1161	1161
1161	1161
1434	1434
576	576
494	494
1273	1273
2015	2015
2103	2103
713	713
2072	2072
2072	2072
1527	1527
1172	1172
808	808
1151	1151
870	870
244	244
659	659
889	889
1542	1542
1383	1383
726	726
328	328
686	686
697	697
766	766
526	526
1049	1049
1065	1065
1559	1559
751	751
1118	1118
795	795
1637	1637
210	210
1560	1560
1652	1652
1642	1642
1563	1563
1294	1294
2406	2406
2063	2063
1952	1952
1032	1032
2554	2554
3356	3356
1812	1812
1182	1182
962	962
923	923
1267	1267
817	817
1205	1205
990	990
1727	1727
714	714
1522	1522
808	808
809	809
1179	1179
1182	1182
599	599
1510	1510
1202	1202
1335	1335
718	718
954	954
1368	1368
1618	1618
1024	1024
586	586
623	623
595	595
47	47
1251	1251
792	792
1405	1405
1303	1303
1353	1353
2624	2624
181	181
300	300
591	591
2116	2116
655	655
971	971
1594	1594
1661	1661
1661	1661
1618	1618
1847	1847
2213	2208
1514	1514
1143	1143
2475	2475
552	552
317	332
1398	1398
409	409
1070	1070
1446	1459
1083	1083
2155	2146
1302	1302
1411	1411
1555	1555
1311	1308
987	987
1032	1032
1043	1043
729	729
752	752
689	689
570	570
1747	1746
1760	1760
1657	1657
1411	1411
477	477
477	477
92	92
1636	1636
2869	2869
2885	2885
190	190
1710	1710
2482	2482
1764	1764
1817	1814
1252	1252
2064	2064
835	835
1607	1607
1943	1943
2255	2255
298	298
298	298
319	319
1711	1711
1192	1192
632	632
1278	1278
1653	1653
593	593
2253	2253
2259	2259
2155	2155
1204	1204
2391	2391
2363	2363
2625	2625
1147	1147
1251	1251
1416	1416
1137	1137
1137	1137
2183	2183
1305	1305
2073	2073
2534	2534
669	669
1668	1668
1578	1578
1339	1339
1774	1774
594	594
2027	2027
2263	2263
2001	2001
2214	2214
2074	2074
1416	1416
217	217
1571	1571
1708	1708
938	938
1758	1758
1693	1693
1802	1802
946	946
752	752
1448	1448
849	849
540	540
540	540
540	540
955	955
2371	2371
1602	1602
2179	2179
1599	1599
1816	1816
1890	1890
1258	1258
1178	1178
1692	1692
989	989
434	434
1698	1698
1266	1266
775	775
1838	1838
1838	1838
1525	1525
76	76
1527	1527
1463	1463
97	97
1499	1499
1406	1406
1057	1057
1254	1254
1126	1126
630	630
1938	1938
530	530
555	568
383	383
677	677
501	501
566	566
120	120
32	32
559	559
1114	1114
804	804
1471	1471
1407	1407
460	460
1186	1186
696	696
1246	1246
1299	1299
1454	1453
220	220
457	457
1092	1092
978	978
1401	1401
371	371
385	385
263	263
875	875
1376	1376
1371	1371
1399	1399
711	711
1146	1144
888	887
1588	1592
2037	2039
171	171
748	748
1288	1288
489	489
957	957
466	466
1041	1041
607	607
579	579
56	56
1284	1284
1237	1237
1220	1220
1063	1063
1058	1058
1024	1024
381	381
162	162
1626	1626
792	792
610	610
587	587
2174	2174
1949	1949
413	413
566	566
423	423
336	336
1232	1232
552	552
1750	1750
939	939
1722	1722
1622	1622
672	672
678	678
635	635
980	980
1940	1940
1052	1052
651	651
651	651
1126	1126
382	382
786	786
833	833
751	751
734	734
115	115
115	115
1040	1040
2356	2356
1225	1225
1623	1623
1557	1557
1940	1940
1586	1586
630	630
279	279
969	969
1026	1026
208	208
208	208
208	208
2350	2350
2046	2046
1528	1528
538	538
1354	1354
1837	1837
439	439
919	919
1767	1767
1630	1630
1267	1267
855	855
754	754
822	822
743	743
589	589
823	823
823	823
1475	1475
1730	1730
1559	1559
2031	2031
1693	1693
2612	2612
925	925
1468	1468
1133	1133
1091	1091
1559	1559
1601	1601
1619	1619
210	210
519	519
204	204
634	634
640	640
616	616
513	513
534	534
737	737
973	973
544	544
851	851
607	607
1191	1191
580	580
1036	1036
909	909
1773	1773
786	786
1763	1763
1325	1325
340	340
361	361
1008	1008
999	999
621	621
1572	1572
717	717
554	554
386	386
286	286
1218	1218
1015	1015
3069	3069
773	773
152	152
213	213
216	216
1864	1864
487	487
487	487
487	487
1392	1392
359	359
445	445
520	520
642	642
1411	1411
1010	1010
453	453
964	964
966	966
1144	1144
1856	1856
1753	1753
2319	2319
2845	2845
1877	1877
1394	1394
1887	1887
992	992
507	507
2030	2030
808	808
808	808
808	808
808	808
1062	1062
1066	1066
1850	1850
1850	1850
962	962
1536	1536
1568	1568
1880	1880
1721	1721
374	374
1982	1982
2610	2610
1851	1851
986	986
1765	1765
2126	2126
1283	1283
1233	1233
1220	1220
851	851
568	568
1074	1074
1959	1959
1124	1124
884	884
940	940
1310	1310
859	859
2953	2953
2941	2941
874	874
695	695
1008	1008
1098	1098
2015	2015
1348	1348
826	826
877	877
1423	1423
976	976
127	127
2361	2361
1357	1357
1600	1600
1080	1080
1347	1347
1858	1858
376	376
413	413
920	920
1291	1291
2174	2174
1092	1092
491	491
376	376
817	817
1387	1387
2284	2284
1426	1426
2000	2000
1230	1230
1433	1433
416	416
1211	1211
764	764
771	771
1660	1660
1048	1048
1931	1931
1703	1703
611	611
868	868
1437	1437
821	821
977	977
1136	1136
1603	1603
952	952
917	917
730	730
726	726
736	736
1550	1550
1936	1936
1984	1984
1158	1158
859	859
2349	2349
1527	1527
1704	1704
4022	4022
914	914
1653	1653
804	804
1567	1567
531	531
1518	1518
1031	1031
767	767
1451	1451
827	827
1737	1737
1454	1454
1382	1382
1060	1060
925	925
1461	1461
732	732
761	761
1141	1141
1404	1404
561	561
561	561
1338	1338
1920	1920
904	904
593	593
779	779
779	779
1495	1495
401	401
870	870
1044	1044
1379	1379
1399	1399
2019	2019
2803	2803
1244	1244
966	966
1781	1781
1680	1680
555	555
702	702
396	396
699	699
725	725
574	574
776	776
540	540
859	859
1431	1431
985	985
610	610
2541	2541
2294	2294
2047	2047
1324	1324
1626	1626
912	912
1378	1378
554	554
1243	1243
950	950
836	836
2036	2036
2238	2238
1984	1984
2041	2041
1009	1009
733	733
1533	1533
1505	1505
1743	1743
1958	1958
188	188
539	539
221	221
2232	2232
1249	1249
835	835
774	774
2104	2102
1518	1528
373	373
1847	1847
1474	1474
1106	1106
1413	1413
1489	1489
1338	1338
2239	2239
1195	1195
853	853
861	861
2021	2021
1826	1826
1768	1768
1573	1573
865	865
1432	1432
1334	1334
833	833
943	943
822	822
855	855
1399	1399
1329	1329
1455	1455
1600	1600
2072	2072
1488	1488
1472	1472
2588	2588
2537	2537
1101	1101
976	976
1124	1124
1043	1043
976	976
1505	1505
676	676
1435	1435
1892	1892
1198	1198
1403	1403
1403	1403
2310	2310
2683	2683
896	896
1222	1222
1719	1719
1399	1399
807	807
822	822
1501	1501
1501	1501
823	823
1679	1679
1599	1599
1209	1209
1976	1976
751	751
752	752
2061	2061
1323	1323
1728	1728
1325	1325
1637	1637
466	466
466	466
466	466
1113	1113
1188	1188
727	727
698	698
1619	1619
663	663
669	669
2181	2181
1306	1306
1782	1782
1806	1806
822	822
1134	1134
729	729
929	929
1162	1162
618	618
975	975
1621	1621
894	894
2494	2494
2494	2494
1136	1136
923	923
1716	1716
3645	3645
2262	2262
365	365
1221	1221
1221	1221
1160	1160
178	178
1193	1193
1602	1602
301	301
369	369
369	369
2319	2319
325	325
1311	1311
1357	1357
934	934
934	934
2387	2387
918	918
1971	1971
1865	1865
1984	1984
2043	2043
635	635
1430	1430
1716	1716
326	326
2203	2203
1577	1577
1546	1546
234	234
319	319
605	605
1384	1384
193	193
789	789
396	396
1554	1554
689	689
968	968
939	939
1216	1216
857	857
490	490
1703	1702
1057	1057
4772	4772
2269	2269
2506	2506
3031	3031
4099	4099
3967	3967
3967	3967
2690	2690
2690	2690
2690	2690
1992	1992
1960	1960
1662	1662
2841	2841
2867	2867
2465	2465
2238	2238
2010	2010
896	896
1229	1229
369	369
381	381
1150	1150
1091	1091
1247	1247
153	153
311	311
483	483
281	281
25	25
2335	2335
2229	2229
2229	2229
2306	2306
934	934
933	933
2356	2356
1665	1665
2549	2549
1362	1362
2129	2129
1231	1231
1675	1675
2209	2209
482	482
482	482
1570	1569
920	920
1215	1248
451	451
451	451
1485	1485
1348	1348
2096	2096
2091	2091
2290	2290
1240	1240
1199	1199
1372	1372
1437	1437
64	64
325	325
300	300
1756	1756
1080	1080
1080	1080
1080	1080
372	372
963	963
522	522
1286	1286
120	120
361	361
901	901
1487	1487
1593	1593
879	879
581	581
675	675
306	306
733	733
660	660
2416	2416
937	937
832	832
651	651
1598	1598
756	756
1254	1254
391	391
1412	1412
115	115
482	482
528	528
494	494
1993	1993
708	708
1613	1613
640	640
1212	1212
751	751
751	751
563	563
1967	1967
353	353
859	859
833	833
1302	1302
685	685
526	526
1072	1072
531	531
787	787
1323	1323
1309	1309
634	634
669	669
1403	1403
326	326
1605	1605
1216	1216
30	30
33	33
2028	2028
1471	1471
1485	1485
466	480
552	552
694	694
1149	1149
366	366
2244	2244
2085	2085
2142	2142
613	613
1332	1332
1337	1337
487	487
725	725
2681	2681
2536	2536
2273	2273
2269	2269
846	846
875	875
243	243
190	190
1056	1056
805	805
999	999
999	999
1344	1344
435	435
588	588
564	581
509	509
749	749
720	720
218	218
176	176
550	550
554	554
397	397
544	544
552	552
762	762
847	847
213	213
483	483
1185	1184
1332	1332
1887	1887
1865	1865
1980	1980
1619	1619
289	289
1013	1013
2416	2416
99	99
42	42
923	923
1127	1127
1060	1060
1634	1633
936	936
936	936
1580	1580
642	642
696	696
696	696
1926	1926
1062	1062
1062	1062
2211	2211
1519	1519
2211	2211
1473	1473
1907	1907
798	798
769	769
759	759
698	698
1853	1853
224	224
2196	2196
1426	1426
2246	2246
1609	1609
1263	1263
789	789
1545	1545
1086	1086
1746	1746
1233	1233
477	477
567	567
503	503
546	546
696	696
1231	1231
1657	1657
1425	1425
1378	1378
1230	1230
1269	1269
1610	1610
474	474
506	506
2753	2753
462	462
220	220
388	388
1781	1781
1427	1427
451	451
1985	1985
1052	1052
995	995
852	852
1597	1597
1561	1561
615	615
1153	1153
782	782
729	729
1594	1594
1510	1510
1131	1131
1897	1897
1614	1614
1171	1171
1465	1465
2138	2138
1107	1107
1413	1413
1317	1317
1356	1356
2139	2139
1858	1858
1629	1629
1629	1629
608	608
1613	1612
1796	1792
1947	1946
451	451
1305	1305
927	927
626	626
909	909
723	723
995	995
238	238
1218	1218
29	29
27	27
805	805
633	633
1452	1452
1728	1728
1284	1284
611	611
1460	1460
585	585
578	578
554	554
871	871
1397	1397
1614	1614
621	621
1007	1007
1279	1279
1117	1117
1118	1118
346	346
1122	1122
1372	1372
1587	1587
992	992
622	622
1531	1531
790	790
826	825
724	724
1413	1413
1250	1250
327	327
2087	2086
2220	1776
1833	1833
2875	2875
740	740
1037	1037
998	998
1951	1951
368	368
451	451
1466	1466
1469	1469
1587	1587
1504	1504
422	422
422	422
422	422
3069	3069
600	600
621	621
1033	1033
2060	2060
1208	1208
1208	1208
2030	2026
2039	2039
1770	1770
1736	1736
1366	1366
1422	1422
1625	1625
1034	1034
795	795
1806	1806
1653	1653
614	614
503	503
790	790
790	790
1369	1369
1708	1708
1266	1266
1180	1180
1121	1121
680	680
1434	1434
1501	1501
1651	1651
1896	1896
1648	1648
957	957
1409	1409
1409	1409
1115	1115
1141	1141
1141	1141
3466	3466
1597	1597
1565	1565
1460	1460
2909	2909
1683	1683
2364	2364
1969	1969
793	793
703	703
840	840
1984	1984
1212	1212
2126	2126
330	330
1270	1270
1708	1708
513	513
513	513
1196	1196
1116	1116
2986	2986
2657	2657
778	778
301	301
301	301
2022	2022
1199	1199
1206	1206
2205	2205
1300	1300
1544	1544
1654	1654
848	848
2177	2177
598	598
845	845
1039	1039
879	879
1798	1798
1818	1818
1818	1818
1907	1907
2329	2329
2329	2329
2114	2114
2114	2114
1584	1584
1584	1584
328	328
940	940
1654	1654
1414	1414
1414	1414
1414	1414
1315	1315
2136	2136
576	576
1080	1080
1660	1660
1109	1109
1282	1282
760	760
1559	1559
1035	1035
1035	1035
1067	1067
884	884
1405	1405
399	399
521	521
521	521
1008	1008
910	910
499	499
3087	3087
1272	1272
2489	2489
2613	2613
1590	1590
1499	1499
545	545
839	839
839	839
1552	1552
1547	1547
2081	2081
1174	1174
1695	1695
1980	1980
1641	1641
1102	1102
1394	1394
734	734
1775	1775
2315	2315
1265	1265
1725	1725
397	397
397	397
397	397
354	354
1380	1380
765	765
785	785
842	842
2034	2034
2114	2114
1371	1371
930	930
930	930
653	653
653	653
424	424
1048	1048
708	708
2392	2392
1097	1097
1386	1386
1447	1447
1026	1026
1916	1916
620	620
1437	1437
1089	1089
629	629
1756	1756
603	603
1648	1648
1324	1324
1930	1930
2232	2232
260	260
2015	2015
781	781
1401	1401
491	491
244	244
931	931
